0,0,0,0,0,0,0,0,0,2,0,0,0,0,0,0,0,1,1,152102
0,0,0,0,0,0,0,0,0,0,0,2,0,0,0,0,0,1,1,150302
0,0,0,0,0,0,0,0,0,0,0,0,0,2,0,0,0,1,1,148502
0,0,0,0,0,0,0,0,0,0,0,0,0,0,0,2,0,1,1,146702
0,0,0,0,0,0,0,2,0,0,0,0,0,0,0,0,0,1,2,144902
0,0,0,0,0,2,0,0,0,0,0,0,0,0,0,0,0,1,2,143102
0,0,0,2,0,0,0,0,0,0,0,0,0,0,0,0,0,1,2,141302
0,2,0,0,0,0,0,0,0,0,0,0,0,0,0,0,0,1,2,139502
0,0,0,0,0,0,0,0,0,1,0,0,0,0,0,0,0,2,1,119702
0,0,0,0,0,0,0,0,0,1,0,1,0,0,0,0,0,2,1,117902
0,0,0,0,0,0,0,0,0,0,0,1,0,1,0,0,0,2,1,116102
0,0,0,0,0,0,0,0,0,0,0,0,0,1,0,1,0,2,1,114302
0,0,0,0,0,0,0,1,0,0,0,0,0,0,0,1,0,1,1,112502
0,0,0,0,0,1,0,1,0,1,0,0,0,0,0,0,0,1,1,110702
0,0,0,1,0,1,0,0,0,0,0,1,0,0,0,0,0,1,1,108902
0,1,0,1,0,0,0,0,0,0,0,0,0,1,0,0,0,1,1,107102
0,1,0,0,0,0,0,0,0,0,0,0,0,0,0,1,0,1,1,105302
0,0,0,0,0,0,0,1,0,0,0,0,0,0,0,0,0,1,2,103502
0,0,0,0,0,1,0,0,0,0,0,0,0,0,0,0,0,1,2,101702
0,0,0,1,0,0,0,0,0,0,0,0,0,0,0,0,0,1,2,99902
0,1,0,0,0,0,0,0,0,0,0,0,0,0,0,0,0,1,2,98102
0,0,0,0,0,0,0,0,0,1,0,0,0,0,0,0,0,2,1,94502
0,0,0,0,0,0,0,0,0,3,0,1,0,0,0,0,0,2,2,92702
0,0,0,0,0,0,0,0,0,2,0,3,0,1,0,0,0,2,3,90902
0,0,0,0,0,0,0,0,0,1,0,2,0,3,0,1,0,2,3,89102
0,0,0,0,0,0,0,1,0,2,0,1,0,2,0,3,0,1,3,87302
0,0,0,0,0,1,0,3,0,0,0,2,0,1,0,2,0,2,3,85502
0,0,0,1,0,3,0,2,0,0,0,0,0,2,0,1,0,3,2,83702
0,1,0,3,0,2,0,1,0,0,0,0,0,0,0,2,0,3,2,81902
0,3,0,2,0,1,0,2,0,0,0,0,0,0,0,0,0,3,2,80102
0,2,0,1,0,2,0,0,0,0,0,0,0,0,0,0,0,3,2,78302
0,1,0,2,0,0,0,0,0,0,0,0,0,0,0,0,0,2,2,76502
0,2,0,0,0,0,0,0,0,3,0,0,0,0,0,0,0,2,3,74702
0,0,0,0,0,0,0,0,0,0,0,3,0,0,0,0,0,2,3,72902
0,0,0,0,0,0,0,0,0,2,0,0,0,3,0,0,0,2,4,71102
0,0,0,0,0,0,0,0,0,0,0,2,0,0,0,3,0,2,4,69302
0,0,0,0,0,0,0,3,0,0,0,0,0,2,0,0,0,3,1,67502
0,0,0,0,0,3,0,0,0,0,0,0,0,0,0,2,0,3,1,65702
0,0,0,3,0,0,0,2,0,0,0,0,0,0,0,0,0,4,2,63902
0,3,0,0,0,2,0,0,0,0,0,0,0,0,0,0,0,4,2,62102
0,0,0,2,0,0,0,0,0,0,0,0,0,0,0,0,0,1,2,60302
0,2,0,0,0,0,0,0,0,0,0,0,0,0,0,0,0,1,2,58502
0,0,0,0,0,0,0,0,0,2,0,0,0,0,0,0,0,2,2,49502
0,0,0,0,0,0,0,0,0,2,0,2,0,0,0,0,0,2,2,47702
0,0,0,0,0,0,0,0,0,0,0,2,0,2,0,0,0,2,2,45902
0,0,0,0,0,0,0,0,0,0,0,0,0,2,0,2,0,2,2,44102
0,0,0,0,0,0,0,2,0,0,0,0,0,0,0,2,0,2,2,42302
0,0,0,0,0,2,0,2,0,0,0,0,0,0,0,0,0,2,2,40502
0,0,0,2,0,2,0,0,0,0,0,0,0,0,0,0,0,2,2,38702
0,2,0,2,0,0,0,0,0,0,0,0,0,0,0,0,0,2,2,36902
0,2,0,0,0,0,0,0,0,0,0,0,0,0,0,0,0,2,2,35102
0,0,0,0,0,0,0,0,0,2,0,0,0,0,0,0,0,2,1,31502
0,0,0,0,0,0,0,0,0,0,0,2,0,0,0,0,0,2,1,29702
0,0,0,0,0,0,0,0,0,0,0,0,0,2,0,0,0,2,1,27902
0,0,0,0,0,0,0,0,0,0,0,0,0,0,0,2,0,2,1,26102
0,0,0,0,0,0,0,2,0,0,0,0,0,0,0,0,0,1,2,24302
0,0,0,0,0,2,0,0,0,0,0,0,0,0,0,0,0,1,2,22502
0,0,0,2,0,0,0,0,0,0,0,0,0,0,0,0,0,1,2,20702
0,2,0,0,0,0,0,0,0,0,0,0,0,0,0,0,0,1,2,18902
0,0,0,0,0,0,0,0,0,2,0,0,0,0,0,0,0,2,1,8102
0,0,0,0,0,0,0,0,0,0,0,2,0,0,0,0,0,2,1,6302
0,0,0,0,0,0,0,0,0,0,0,0,0,2,0,0,0,2,1,4502
0,0,0,0,0,0,0,0,0,0,0,0,0,0,0,2,0,2,1,2702
1,0,0,0,0,0,0,2,0,0,0,0,0,0,0,0,0,1,2,902
0,0,0,0,0,2,0,0,0,0,0,0,0,0,0,0,0,1,2,95900
0,0,0,2,0,0,0,0,0,0,0,0,0,0,0,0,0,1,2,94100
0,2,0,0,0,0,0,0,0,0,0,0,0,0,0,0,0,1,2,92300
0,0,0,0,0,0,0,0,0,1,0,0,0,0,0,0,0,2,1,76100
0,0,0,0,0,0,0,0,0,0,0,1,0,0,0,0,0,2,1,74300
0,0,0,0,0,0,0,0,0,0,0,0,0,1,0,0,0,2,1,72500
0,0,0,0,0,0,0,0,0,0,0,0,0,0,0,1,0,2,1,70700
0,0,0,0,0,0,0,1,0,0,0,0,0,0,0,0,0,1,2,68900
0,0,0,0,0,1,0,0,0,1,0,0,0,0,0,0,0,1,1,67100
0,0,0,1,0,0,0,0,0,0,0,1,0,0,0,0,0,1,1,65300
0,1,0,0,0,0,0,0,0,0,0,0,0,1,0,0,0,1,1,63500
0,0,0,0,0,0,0,0,0,0,0,0,0,0,0,1,0,2,1,61700
0,0,0,0,0,0,0,1,0,0,0,0,0,0,0,0,0,1,1,59900
0,0,0,0,0,1,0,0,0,0,0,0,0,0,0,0,0,1,1,58100
0,0,0,1,0,0,0,0,0,0,0,0,0,0,0,0,0,1,1,56300
0,1,0,0,0,0,0,0,0,1,0,0,0,0,0,0,0,1,1,54500
0,0,0,0,0,0,0,0,0,0,0,1,0,0,0,0,0,1,1,52700
0,0,0,0,0,0,0,0,0,0,0,0,0,1,0,0,0,1,1,50900
0,0,0,0,0,0,0,0,0,0,0,0,0,0,0,1,0,1,1,49100
0,0,0,0,0,0,0,1,0,0,0,0,0,0,0,0,0,1,2,47300
0,0,0,0,0,1,0,0,0,0,0,0,0,0,0,0,0,1,2,45500
0,0,0,1,0,0,0,0,0,1,0,0,0,0,0,0,0,1,1,43700
0,1,0,0,0,0,0,0,0,0,0,1,0,0,0,0,0,1,1,41900
0,0,0,0,0,0,0,0,0,0,0,0,0,1,0,0,0,2,1,40100
0,0,0,0,0,0,0,0,0,0,0,0,0,0,0,1,0,2,1,38300
0,0,0,0,0,0,0,1,0,0,0,0,0,0,0,0,0,1,2,36500
0,0,0,0,0,1,0,0,0,0,0,0,0,0,0,0,0,1,2,34700
0,0,0,1,0,0,0,0,0,0,0,0,0,0,0,0,0,1,2,32900
0,1,0,0,0,0,0,0,0,0,0,0,0,0,0,0,0,1,2,31100
0,0,0,0,0,0,0,0,0,1,0,0,0,0,0,0,0,2,1,20300
0,0,0,0,0,0,0,0,0,2,0,1,0,0,0,0,0,2,2,18500
0,0,0,0,0,0,0,0,0,55,0,2,0,1,0,0,0,2,8,16700
0,0,0,0,0,0,0,0,0,1,0,55,0,2,0,1,0,2,8,14900
0,0,0,0,0,0,0,1,0,41,0,1,0,55,0,2,0,1,7,13100
0,0,0,0,0,1,0,2,0,1,0,41,0,1,0,55,0,2,7,11300
0,0,0,1,0,2,0,55,0,0,0,1,0,41,0,1,0,8,6,9500
0,1,0,2,0,55,0,1,0,0,0,0,0,1,0,41,0,8,6,7700
0,2,0,55,0,1,0,41,0,0,0,0,0,0,0,1,0,7,1,5900
0,55,0,1,0,41,0,1,0,0,0,0,0,0,0,0,0,7,2,4100
0,1,0,41,0,1,0,0,0,0,0,0,0,0,0,0,0,6,2,2300
1,41,0,1,0,0,0,0,0,0,0,0,0,0,0,0,0,6,2,500
0,1,0,0,0,0,0,0,0,0,0,0,0,0,0,0,0,1,2,77597
0,0,0,0,0,0,0,0,0,1,0,0,0,0,0,0,0,2,1,68597
0,0,0,0,0,0,0,0,0,0,0,1,0,0,0,0,0,2,1,66797
0,0,0,0,0,0,0,0,0,0,0,0,0,1,0,0,0,2,1,64997
0,0,0,0,0,0,0,0,0,0,0,0,0,0,0,1,0,2,1,63197
0,0,0,0,0,0,0,1,0,0,0,0,0,0,0,0,0,1,2,61397
0,0,0,0,0,1,0,0,0,0,0,0,0,0,0,0,0,1,2,59597
0,0,0,1,0,0,0,0,0,0,0,0,0,0,0,0,0,1,2,57797
0,1,0,0,0,0,0,0,0,0,0,0,0,0,0,0,0,1,2,55997
0,0,0,0,0,0,0,0,0,1,0,0,0,0,0,0,0,2,1,45197
0,0,0,0,0,0,0,0,0,0,0,1,0,0,0,0,0,2,1,43397
0,0,0,0,0,0,0,0,0,0,0,0,0,1,0,0,0,2,1,41597
0,0,0,0,0,0,0,0,0,0,0,0,0,0,0,1,0,2,1,39797
0,0,0,0,0,0,0,1,0,0,0,0,0,0,0,0,0,1,1,37997
0,0,0,0,0,1,0,0,0,1,0,0,0,0,0,0,0,1,1,36197
0,0,0,1,0,0,0,0,0,2,0,1,0,0,0,0,0,1,3,34397
0,1,0,0,0,0,0,0,0,0,0,2,0,1,0,0,0,1,3,32597
0,0,0,0,0,0,0,0,0,0,0,0,0,2,0,1,0,1,3,30797
0,0,0,0,0,0,0,1,0,0,0,0,0,0,0,2,0,1,2,28997
0,0,0,0,0,1,0,2,0,0,0,0,0,0,0,0,0,3,2,27197
0,0,0,1,0,2,0,0,0,0,0,0,0,0,0,0,0,3,2,25397
0,1,0,2,0,0,0,0,0,0,0,0,0,0,0,0,0,3,2,23597
0,2,0,0,0,0,0,0,0,0,0,0,0,0,0,0,0,2,2,21797
0,0,0,0,0,0,0,0,0,1,0,0,0,0,0,0,0,2,1,18197
0,0,0,0,0,0,0,0,0,0,0,1,0,0,0,0,0,2,1,16397
0,0,0,0,0,0,0,0,0,0,0,0,0,1,0,0,0,2,1,14597
0,0,0,0,0,0,0,0,0,0,0,0,0,0,0,1,0,2,1,12797
0,0,0,0,0,0,0,1,0,0,0,0,0,0,0,0,0,1,2,10997
0,0,0,0,0,1,0,0,0,0,0,0,0,0,0,0,0,1,2,9197
0,0,0,1,0,0,0,0,0,1,0,0,0,0,0,0,0,1,1,7397
0,1,0,0,0,0,0,0,0,0,0,1,0,0,0,0,0,1,1,5597
0,0,0,0,0,0,0,0,0,0,0,0,0,1,0,0,0,2,1,3797
0,0,0,0,0,0,0,0,0,0,0,0,0,0,0,1,0,2,1,1997
1,0,0,0,0,0,0,1,0,0,0,0,0,0,0,0,0,1,2,197
0,0,0,0,0,1,0,0,0,0,0,0,0,0,0,0,0,1,2,22265
0,0,0,1,0,0,0,0,0,0,0,0,0,0,0,0,0,1,2,20465
0,1,0,0,0,0,0,0,0,0,0,0,0,0,0,0,0,1,2,18665
0,0,0,0,0,0,0,0,0,2,0,0,0,0,0,0,0,2,1,55502
0,0,0,0,0,0,0,0,0,0,0,2,0,0,0,0,0,2,1,53702
0,0,0,0,0,0,0,0,0,0,0,0,0,2,0,0,0,2,1,51902
0,0,0,0,0,0,0,0,0,0,0,0,0,0,0,2,0,2,1,50102
0,0,0,0,0,0,0,2,0,0,0,0,0,0,0,0,0,1,2,48302
0,0,0,0,0,2,0,0,0,0,0,0,0,0,0,0,0,1,2,46502
0,0,0,2,0,0,0,0,0,0,0,0,0,0,0,0,0,1,2,44702
0,2,0,0,0,0,0,0,0,0,0,0,0,0,0,0,0,1,2,42902
0,0,0,0,0,0,0,0,0,1,0,0,0,0,0,0,0,2,1,15902
0,0,0,0,0,0,0,0,0,1,0,1,0,0,0,0,0,2,1,14102
0,0,0,0,0,0,0,0,0,2,0,1,0,1,0,0,0,2,2,12302
0,0,0,0,0,0,0,0,0,0,0,2,0,1,0,1,0,2,2,10502
0,0,0,0,0,0,0,1,0,0,0,0,0,2,0,1,0,1,2,8702
0,0,0,0,0,1,0,1,0,0,0,0,0,0,0,2,0,1,1,6902
0,0,0,1,0,1,0,2,0,1,0,0,0,0,0,0,0,2,1,5102
0,1,0,1,0,2,0,0,0,1,0,1,0,0,0,0,0,2,2,3302
1,1,0,2,0,0,0,0,0,0,0,1,0,1,0,0,0,2,2,1502
0,2,0,0,0,0,0,0,0,0,0,0,0,1,0,1,0,1,2,46112
0,0,0,0,0,0,0,1,0,0,0,0,0,0,0,1,0,1,1,44312
0,0,0,0,0,1,0,1,0,0,0,0,0,0,0,0,0,2,2,42512
0,0,0,1,0,1,0,0,0,2,0,0,0,0,0,0,0,2,2,40712
0,1,0,1,0,0,0,0,0,0,0,2,0,0,0,0,0,2,2,38912
0,1,0,0,0,0,0,0,0,1,0,0,0,2,0,0,0,1,2,37112
0,0,0,0,0,0,0,0,0,1,0,1,0,0,0,2,0,2,2,35312
0,0,0,0,0,0,0,2,0,1,0,1,0,1,0,0,0,2,2,33512
0,0,0,0,0,2,0,0,0,2,0,1,0,1,0,1,0,2,4,31712
0,0,0,2,0,0,0,1,0,0,0,2,0,1,0,1,0,2,4,29912
0,2,0,0,0,1,0,1,0,0,0,0,0,2,0,1,0,2,3,28112
0,0,0,1,0,1,0,1,0,0,0,0,0,0,0,2,0,2,2,26312
0,1,0,1,0,1,0,2,0,0,0,0,0,0,0,0,0,4,2,24512
0,1,0,1,0,2,0,0,0,0,0,0,0,0,0,0,0,4,2,22712
0,1,0,2,0,0,0,0,0,0,0,0,0,0,0,0,0,3,2,20912
0,2,0,0,0,0,0,0,0,0,0,0,0,0,0,0,0,2,2,19112
0,0,0,0,0,0,0,0,0,1,0,0,0,0,0,0,0,2,1,8312
0,0,0,0,0,0,0,0,0,1,0,1,0,0,0,0,0,2,1,6512
0,0,0,0,0,0,0,0,0,0,0,1,0,1,0,0,0,2,1,4712
0,0,0,0,0,0,0,0,0,0,0,0,0,1,0,1,0,2,1,2912
1,0,0,0,0,0,0,1,0,3,0,0,0,0,0,1,0,1,4,1112
0,0,0,0,0,1,0,1,0,0,0,3,0,0,0,0,0,1,3,39755
0,0,0,1,0,1,0,0,0,0,0,0,0,3,0,0,0,1,3,37955
0,1,0,1,0,0,0,0,0,0,0,0,0,0,0,3,0,1,3,36155
0,1,0,0,0,0,0,3,0,0,0,0,0,0,0,0,0,4,2,34355
0,0,0,0,0,3,0,0,0,0,0,0,0,0,0,0,0,3,2,32555
0,0,0,3,0,0,0,0,0,0,0,0,0,0,0,0,0,3,2,30755
0,3,0,0,0,0,0,0,0,0,0,0,0,0,0,0,0,3,2,28955
0,0,0,0,0,0,0,0,0,1,0,0,0,0,0,0,0,2,1,16355
0,0,0,0,0,0,0,0,0,2,0,1,0,0,0,0,0,2,1,14555
0,0,0,0,0,0,0,0,0,0,0,2,0,1,0,0,0,2,1,12755
0,0,0,0,0,0,0,0,0,0,0,0,0,2,0,1,0,2,1,10955
0,0,0,0,0,0,0,1,0,0,0,0,0,0,0,2,0,1,1,9155
0,0,0,0,0,1,0,2,0,1,0,0,0,0,0,0,0,1,1,7355
0,0,0,1,0,2,0,0,0,1,0,1,0,0,0,0,0,1,2,5555
0,1,0,2,0,0,0,0,0,10,0,1,0,1,0,0,0,1,2,3755
0,2,0,0,0,0,0,0,0,4,0,10,0,1,0,1,0,1,2,1955
1,0,0,0,0,0,0,1,0,12,0,4,0,10,0,1,0,1,3,155
0,0,0,0,0,1,0,1,0,0,0,12,0,4,0,10,0,2,3,22886
0,0,0,1,0,1,0,10,0,2,0,0,0,12,0,4,0,2,3,21086
0,1,0,1,0,10,0,4,0,6,0,2,0,0,0,12,0,2,6,19286
0,1,0,10,0,4,0,12,0,3,0,6,0,2,0,0,0,3,5,17486
0,10,0,4,0,12,0,0,0,9,0,3,0,6,0,2,0,3,5,15686
0,4,0,12,0,0,0,2,0,0,0,9,0,3,0,6,0,3,3,13886
0,12,0,0,0,2,0,6,0,0,0,0,0,9,0,3,0,6,3,12086
0,0,0,2,0,6,0,3,0,0,0,0,0,0,0,9,0,5,3,10286
0,2,0,6,0,3,0,9,0,0,0,0,0,0,0,0,0,5,2,8486
0,6,0,3,0,9,0,0,0,2,0,0,0,0,0,0,0,3,1,6686
0,3,0,9,0,0,0,0,0,0,0,2,0,0,0,0,0,3,1,4886
0,9,0,0,0,0,0,0,0,0,0,0,0,2,0,0,0,3,1,3086
1,0,0,0,0,0,0,0,0,0,0,0,0,0,0,2,0,2,1,1286
0,0,0,0,0,0,0,2,0,0,0,0,0,0,0,0,0,1,2,-1
0,0,0,0,0,2,0,0,0,0,0,0,0,0,0,0,0,1,2,-1
0,0,0,2,0,0,0,0,0,0,0,0,0,0,0,0,0,1,2,-1
0,2,0,0,0,0,0,0,0,0,0,0,0,0,0,0,0,1,2,-1
0,0,0,0,0,0,0,0,0,1,0,0,0,0,0,0,0,2,1,-1
0,0,0,0,0,0,0,0,0,0,0,1,0,0,0,0,0,2,1,-1
0,0,0,0,0,0,0,0,0,1,0,0,0,1,0,0,0,2,1,-1
0,0,0,0,0,0,0,0,0,0,0,1,0,0,0,1,0,2,1,-1
0,0,0,0,0,0,0,1,0,1,0,0,0,1,0,0,0,1,2,-1
0,0,0,0,0,1,0,0,0,0,0,1,0,0,0,1,0,1,2,-1
0,0,0,1,0,0,0,1,0,2,0,0,0,1,0,0,0,1,2,-1
0,1,0,0,0,1,0,0,0,2,0,2,0,0,0,1,0,1,2,-1
0,0,0,1,0,0,0,1,0,0,0,2,0,2,0,0,0,2,1,-1
0,1,0,0,0,1,0,0,0,0,0,0,0,2,0,2,0,2,1,-1
0,0,0,1,0,0,0,2,0,0,0,0,0,0,0,2,0,2,1,-1
0,1,0,0,0,2,0,2,0,0,0,0,0,0,0,0,0,2,1,-1
0,0,0,0,0,0,0,0,0,3,0,0,0,0,0,0,0,1,3,-1
0,0,0,0,0,0,0,0,0,3,0,3,0,0,0,0,0,1,5,-1
0,0,0,0,0,0,0,0,0,0,0,3,0,3,0,0,0,1,5,-1
0,0,0,0,0,0,0,0,0,0,0,0,0,3,0,3,0,1,5,-1
0,0,0,0,0,0,0,3,0,0,0,0,0,0,0,3,0,3,3,-1
0,0,0,0,0,3,0,3,0,0,0,0,0,0,0,0,0,5,2,-1
0,0,0,3,0,3,0,0,0,0,0,0,0,0,0,0,0,5,2,-1
0,3,0,3,0,0,0,0,0,0,0,0,0,0,0,0,0,5,2,-1
0,3,0,0,0,0,0,0,0,0,0,0,0,0,0,0,0,3,2,-1
0,0,0,0,0,0,0,0,0,1,0,0,0,0,0,0,0,2,1,-1
0,0,0,0,0,0,0,0,0,1,0,1,0,0,0,0,0,2,1,-1
0,0,0,0,0,0,0,0,0,0,0,1,0,1,0,0,0,2,1,-1
0,0,0,0,0,0,0,0,0,0,0,0,0,1,0,1,0,2,1,-1
0,0,0,0,0,0,0,1,0,0,0,0,0,0,0,1,0,1,1,-1
0,0,0,0,0,1,0,1,0,1,0,0,0,0,0,0,0,1,1,-1
0,0,0,1,0,1,0,0,0,0,0,1,0,0,0,0,0,1,1,-1
0,1,0,1,0,0,0,0,0,0,0,0,0,1,0,0,0,1,1,-1
0,1,0,0,0,0,0,0,0,0,0,0,0,0,0,1,0,1,1,-1
0,0,0,0,0,0,0,1,0,0,0,0,0,0,0,0,0,1,2,-1
0,0,0,0,0,1,0,0,0,0,0,0,0,0,0,0,0,1,2,-1
0,0,0,1,0,0,0,0,0,0,0,0,0,0,0,0,0,1,2,-1
0,1,0,0,0,0,0,0,0,0,0,0,0,0,0,0,0,1,2,-1
0,0,0,0,0,0,0,0,0,1,0,0,0,0,0,0,0,2,1,-1
0,0,0,0,0,0,0,0,0,2,0,1,0,0,0,0,0,2,2,-1
0,0,0,0,0,0,0,0,0,0,0,2,0,1,0,0,0,2,2,-1
0,0,0,0,0,0,0,0,0,1,0,0,0,2,0,1,0,2,2,-1
0,0,0,0,0,0,0,1,0,8,1,1,0,0,0,2,0,1,7,-1
0,0,0,0,0,1,0,2,0,0,0,8,1,1,0,0,0,2,7,-1
0,0,0,1,0,2,0,0,0,0,0,0,0,8,1,1,0,2,7,-1
0,1,0,2,0,0,0,1,0,0,0,0,0,0,0,8,1,2,7,-1
0,2,0,0,0,1,0,8,1,0,0,0,0,0,0,0,0,7,1,-1
0,0,0,1,0,8,1,0,0,0,0,0,0,0,0,0,0,7,1,-1
0,1,0,8,1,0,0,0,0,0,0,0,0,0,0,0,0,7,1,-1
0,8,1,0,0,0,0,0,0,3,0,0,0,0,0,0,0,7,3,-1
0,0,0,0,0,0,0,0,0,0,0,3,0,0,0,0,0,1,3,-1
0,0,0,0,0,0,0,0,0,3,0,0,0,3,0,0,0,1,5,-1
0,0,0,0,0,0,0,0,0,0,0,3,0,0,0,3,0,1,5,-1
0,0,0,0,0,0,0,3,0,0,0,0,0,3,0,0,0,3,2,-1
0,0,0,0,0,3,0,0,0,0,0,0,0,0,0,3,0,3,2,-1
0,0,0,3,0,0,0,3,0,0,0,0,0,0,0,0,0,5,2,-1
0,3,0,0,0,3,0,0,0,0,0,0,0,0,0,0,0,5,2,-1
0,0,0,3,0,0,0,0,0,0,0,0,0,0,0,0,0,2,2,-1
0,3,0,0,0,0,0,0,0,0,0,0,0,0,0,0,0,2,2,-1
0,0,0,0,0,0,0,0,0,2,0,0,0,0,0,0,0,2,1,-1
0,0,0,0,0,0,0,0,0,0,0,2,0,0,0,0,0,2,1,-1
0,0,0,0,0,0,0,0,0,3,0,0,0,2,0,0,0,2,4,-1
0,0,0,0,0,0,0,0,0,2,0,3,0,0,0,2,0,2,6,-1
0,0,0,0,0,0,0,2,0,0,0,2,0,3,0,0,0,1,5,-1
0,0,0,0,0,2,0,0,0,0,0,0,0,2,0,3,0,1,5,-1
0,0,0,2,0,0,0,3,0,0,0,0,0,0,0,2,0,4,2,-1
0,2,0,0,0,3,0,2,0,0,0,0,0,0,0,0,0,6,2,-1
0,0,0,3,0,2,0,0,0,0,0,0,0,0,0,0,0,5,2,-1
0,3,0,2,0,0,0,0,0,0,0,0,0,0,0,0,0,5,2,-1
0,2,0,0,0,0,0,0,0,0,0,0,0,0,0,0,0,2,2,-1
0,0,0,0,0,0,0,0,0,1,0,0,0,0,0,0,0,2,1,-1
0,0,0,0,0,0,0,0,0,0,0,1,0,0,0,0,0,2,1,-1
0,0,0,0,0,0,0,0,0,0,0,0,0,1,0,0,0,2,1,-1
0,0,0,0,0,0,0,0,0,0,0,0,0,0,0,1,0,2,1,-1
0,0,0,0,0,0,0,1,0,0,0,0,0,0,0,0,0,1,2,-1
0,0,0,0,0,1,0,0,0,0,0,0,0,0,0,0,0,1,2,-1
0,0,0,1,0,0,0,0,0,0,0,0,0,0,0,0,0,1,2,-1
0,1,0,0,0,0,0,0,0,0,0,0,0,0,0,0,0,1,2,-1
0,0,0,0,0,0,0,0,0,1,0,0,0,0,0,0,0,2,1,-1
0,0,0,0,0,0,0,0,0,0,0,1,0,0,0,0,0,2,1,-1
0,0,0,0,0,0,0,0,0,0,0,0,0,1,0,0,0,2,1,-1
0,0,0,0,0,0,0,0,0,0,0,0,0,0,0,1,0,2,1,-1
0,0,0,0,0,0,0,1,0,0,0,0,0,0,0,0,0,1,1,-1
0,0,0,0,0,1,0,0,0,1,0,0,0,0,0,0,0,1,1,-1
0,0,0,1,0,0,0,0,0,2,0,1,0,0,0,0,0,1,3,-1
0,1,0,0,0,0,0,0,0,0,0,2,0,1,0,0,0,1,3,-1
0,0,0,0,0,0,0,0,0,0,0,0,0,2,0,1,0,1,3,-1
0,0,0,0,0,0,0,1,0,0,0,0,0,0,0,2,0,1,2,-1
0,0,0,0,0,1,0,2,0,0,0,0,0,0,0,0,0,3,2,-1
0,0,0,1,0,2,0,0,0,0,0,0,0,0,0,0,0,3,2,-1
0,1,0,2,0,0,0,0,0,0,0,0,0,0,0,0,0,3,2,-1
0,2,0,0,0,0,0,0,0,0,0,0,0,0,0,0,0,2,2,-1
0,0,0,0,0,0,0,0,0,1,0,0,0,0,0,0,0,2,1,-1
0,0,0,0,0,0,0,0,0,1,0,1,0,0,0,0,0,2,1,-1
0,0,0,0,0,0,0,0,0,0,0,1,0,1,0,0,0,2,1,-1
0,0,0,0,0,0,0,0,0,0,0,0,0,1,0,1,0,2,1,-1
0,0,0,0,0,0,0,1,0,0,0,0,0,0,0,1,0,1,1,-1
0,0,0,0,0,1,0,1,0,0,0,0,0,0,0,0,0,1,2,-1
0,0,0,1,0,1,0,0,0,0,0,0,0,0,0,0,0,1,2,-1
0,1,0,1,0,0,0,0,0,1,0,0,0,0,0,0,0,1,1,-1
0,1,0,0,0,0,0,0,0,0,0,1,0,0,0,0,0,1,1,-1
0,0,0,0,0,0,0,0,0,0,0,0,0,1,0,0,0,2,1,-1
0,0,0,0,0,0,0,0,0,0,0,0,0,0,0,1,0,2,1,-1
0,0,0,0,0,0,0,1,0,0,0,0,0,0,0,0,0,1,2,-1
0,0,0,0,0,1,0,0,0,0,0,0,0,0,0,0,0,1,2,-1
0,0,0,1,0,0,0,0,0,0,0,0,0,0,0,0,0,1,2,-1
0,1,0,0,0,0,0,0,0,0,0,0,0,0,0,0,0,1,2,-1
0,0,0,0,0,0,0,0,0,3,0,0,0,0,0,0,0,2,2,-1
0,0,0,0,0,0,0,0,0,0,0,3,0,0,0,0,0,2,2,-1
0,0,0,0,0,0,0,0,0,0,0,0,0,3,0,0,0,2,2,-1
0,0,0,0,0,0,0,0,0,0,0,0,0,0,0,3,0,2,2,-1
0,0,0,0,0,0,0,3,0,0,0,0,0,0,0,0,0,2,2,-1
0,0,0,0,0,3,0,0,0,0,0,0,0,0,0,0,0,2,2,-1
0,0,0,3,0,0,0,0,0,0,0,0,0,0,0,0,0,2,2,-1
0,3,0,0,0,0,0,0,0,0,0,0,0,0,0,0,0,2,2,-1
0,0,0,0,0,0,0,0,0,12,0,0,0,0,0,0,0,2,7,-1
0,0,0,0,0,0,0,0,0,0,0,12,0,0,0,0,0,2,7,-1
0,0,0,0,0,0,0,0,0,0,0,0,0,12,0,0,0,2,7,-1
0,0,0,0,0,0,0,0,0,0,0,0,0,0,0,12,0,2,7,-1
0,0,0,0,0,0,0,12,0,0,0,0,0,0,0,0,0,7,2,-1
0,0,0,0,0,12,0,0,0,3,1,0,0,0,0,0,0,7,1,-1
0,0,0,12,0,0,0,0,0,1,0,3,1,0,0,0,0,7,2,-1
0,12,0,0,0,0,0,0,0,0,0,1,0,3,1,0,0,7,2,-1
0,0,0,0,0,0,0,0,0,0,0,0,0,1,0,3,1,2,2,-1
0,0,0,0,0,0,0,3,1,11,0,0,0,0,0,1,0,1,7,-1
0,0,0,0,0,3,1,1,0,0,0,11,0,0,0,0,0,2,6,-1
0,0,0,3,1,1,0,0,0,0,0,0,0,11,0,0,0,2,6,-1
0,3,1,1,0,0,0,0,0,1,0,0,0,0,0,11,0,2,7,-1
0,1,0,0,0,0,0,11,0,0,0,1,0,0,0,0,0,7,1,-1
0,0,0,0,0,11,0,0,0,0,0,0,0,1,0,0,0,6,1,-1
0,0,0,11,0,0,0,0,0,0,0,0,0,0,0,1,0,6,1,-1
0,11,0,0,0,0,0,1,0,0,0,0,0,0,0,0,0,7,2,-1
0,0,0,0,0,1,0,0,0,0,0,0,0,0,0,0,0,1,2,-1
0,0,0,1,0,0,0,0,0,2,0,0,0,0,0,0,0,1,2,-1
0,1,0,0,0,0,0,0,0,3,0,2,0,0,0,0,0,1,5,-1
0,0,0,0,0,0,0,0,0,1,0,3,0,2,0,0,0,2,5,-1
0,0,0,0,0,0,0,0,0,1,0,1,0,3,0,2,0,2,5,-1
0,0,0,0,0,0,0,2,0,0,0,1,0,1,0,3,0,2,4,-1
0,0,0,0,0,2,0,3,0,0,0,0,0,1,0,1,0,5,1,-1
0,0,0,2,0,3,0,1,0,0,0,0,0,0,0,1,0,5,1,-1
0,2,0,3,0,1,0,1,0,0,0,0,0,0,0,0,0,5,2,-1
0,3,0,1,0,1,0,0,0,0,0,0,0,0,0,0,0,4,2,-1
0,1,0,1,0,0,0,0,0,0,0,0,0,0,0,0,0,1,2,-1
0,1,0,0,0,0,0,0,0,0,0,0,0,0,0,0,0,1,2,-1
0,0,0,0,0,0,0,0,0,3,0,0,0,0,0,0,0,2,3,-1
0,0,0,0,0,0,0,0,0,0,0,3,0,0,0,0,0,2,3,-1
0,0,0,0,0,0,0,0,0,0,0,0,0,3,0,0,0,2,3,-1
0,0,0,0,0,0,0,0,0,0,0,0,0,0,0,3,0,2,3,-1
0,0,0,0,0,0,0,3,0,0,0,0,0,0,0,0,0,3,2,-1
0,0,0,0,0,3,0,0,0,0,0,0,0,0,0,0,0,3,2,-1
0,0,0,3,0,0,0,0,0,0,0,0,0,0,0,0,0,3,2,-1
0,3,0,0,0,0,0,0,0,0,0,0,0,0,0,0,0,3,2,-1
0,0,0,0,0,0,0,0,0,2,0,0,0,0,0,0,0,2,2,-1
0,0,0,0,0,0,0,0,0,3,0,2,0,0,0,0,0,2,2,-1
0,0,0,0,0,0,0,0,0,0,0,3,0,2,0,0,0,2,2,-1
0,0,0,0,0,0,0,0,0,0,0,0,0,3,0,2,0,2,2,-1
0,0,0,0,0,0,0,2,0,0,0,0,0,0,0,3,0,2,2,-1
0,0,0,0,0,2,0,3,0,0,0,0,0,0,0,0,0,2,2,-1
0,0,0,2,0,3,0,0,0,0,0,0,0,0,0,0,0,2,2,-1
0,2,0,3,0,0,0,0,0,0,0,0,0,0,0,0,0,2,2,-1
0,3,0,0,0,0,0,0,0,0,0,0,0,0,0,0,0,2,2,-1
0,0,0,0,0,0,0,0,0,1,0,0,0,0,0,0,0,2,1,-1
0,0,0,0,0,0,0,0,0,0,0,1,0,0,0,0,0,2,1,-1
0,0,0,0,0,0,0,0,0,1,0,0,0,1,0,0,0,2,1,-1
0,0,0,0,0,0,0,0,0,0,0,1,0,0,0,1,0,2,1,-1
0,0,0,0,0,0,0,1,0,15,0,0,0,1,0,0,0,1,7,-1
0,0,0,0,0,1,0,0,0,1,0,15,0,0,0,1,0,1,7,-1
0,0,0,1,0,0,0,1,0,0,0,1,0,15,0,0,0,1,7,-1
0,1,0,0,0,1,0,0,0,23,3,0,0,1,0,15,0,1,14,-1
0,0,0,1,0,0,0,15,0,0,0,23,3,0,0,1,0,7,14,-1
0,1,0,0,0,15,0,1,0,0,0,0,0,23,3,0,0,7,13,-1
0,0,0,15,0,1,0,0,0,2,0,0,0,0,0,23,3,7,14,-1
0,15,0,1,0,0,0,23,3,0,0,2,0,0,0,0,0,14,1,-1
0,1,0,0,0,23,3,0,0,0,0,0,0,2,0,0,0,14,1,-1
0,0,0,23,3,0,0,0,0,0,0,0,0,0,0,2,0,13,1,-1
0,23,3,0,0,0,0,2,0,0,0,0,0,0,0,0,0,14,2,-1
0,0,0,0,0,2,0,0,0,2,0,0,0,0,0,0,0,1,1,-1
0,0,0,2,0,0,0,0,0,0,0,2,0,0,0,0,0,1,1,-1
0,2,0,0,0,0,0,0,0,0,0,0,0,2,0,0,0,1,1,-1
0,0,0,0,0,0,0,0,0,0,0,0,0,0,0,2,0,2,1,-1
0,0,0,0,0,0,0,2,0,0,0,0,0,0,0,0,0,1,2,-1
0,0,0,0,0,2,0,0,0,0,0,0,0,0,0,0,0,1,2,-1
0,0,0,2,0,0,0,0,0,0,0,0,0,0,0,0,0,1,2,-1
0,2,0,0,0,0,0,0,0,0,0,0,0,0,0,0,0,1,2,-1
0,0,0,0,0,0,0,0,0,1,0,0,0,0,0,0,0,2,1,-1
0,0,0,0,0,0,0,0,0,0,0,1,0,0,0,0,0,2,1,-1
0,0,0,0,0,0,0,0,0,1,0,0,0,1,0,0,0,2,1,-1
0,0,0,0,0,0,0,0,0,0,0,1,0,0,0,1,0,2,1,-1
0,0,0,0,0,0,0,1,0,1,0,0,0,1,0,0,0,1,2,-1
0,0,0,0,0,1,0,0,0,0,0,1,0,0,0,1,0,1,2,-1
0,0,0,1,0,0,0,1,0,0,0,0,0,1,0,0,0,1,1,-1
0,1,0,0,0,1,0,0,0,0,0,0,0,0,0,1,0,1,1,-1
0,0,0,1,0,0,0,1,0,0,0,0,0,0,0,0,0,2,1,-1
0,1,0,0,0,1,0,0,0,0,0,0,0,0,0,0,0,2,1,-1
0,0,0,1,0,0,0,0,0,0,0,0,0,0,0,0,0,1,1,-1
0,1,0,0,0,0,0,0,0,0,0,0,0,0,0,0,0,1,1,-1
0,0,0,0,0,0,0,0,0,1,0,0,0,0,0,0,0,1,1,-1
0,0,0,0,0,0,0,0,0,0,0,1,0,0,0,0,0,1,1,-1
0,0,0,0,0,0,0,0,0,0,0,0,0,1,0,0,0,1,1,-1
0,0,0,0,0,0,0,0,0,0,0,0,0,0,0,1,0,1,1,-1
0,0,0,0,0,0,0,1,0,0,0,0,0,0,0,0,0,1,2,-1
0,0,0,0,0,1,0,0,0,0,0,0,0,0,0,0,0,1,2,-1
0,0,0,1,0,0,0,0,0,0,0,0,0,0,0,0,0,1,2,-1
0,1,0,0,0,0,0,0,0,0,0,0,0,0,0,0,0,1,2,-1
0,0,0,0,0,0,0,0,0,26,1,0,0,0,0,0,0,2,13,-1
0,0,0,0,0,0,0,0,0,0,0,26,1,0,0,0,0,2,13,-1
0,0,0,0,0,0,0,0,0,0,0,0,0,26,1,0,0,2,13,-1
0,0,0,0,0,0,0,0,0,0,0,0,0,0,0,26,1,2,13,-1
0,0,0,0,0,0,0,26,1,0,0,0,0,0,0,0,0,13,2,-1
0,0,0,0,0,26,1,0,0,0,0,0,0,0,0,0,0,13,2,-1
0,0,0,26,1,0,0,0,0,0,0,0,0,0,0,0,0,13,2,-1
0,26,1,0,0,0,0,0,0,0,0,0,0,0,0,0,0,13,2,-1
0,0,0,0,0,0,0,0,0,2,0,0,0,0,0,0,0,2,1,-1
0,0,0,0,0,0,0,0,0,0,0,2,0,0,0,0,0,2,1,-1
0,0,0,0,0,0,0,0,0,0,0,0,0,2,0,0,0,2,1,-1
0,0,0,0,0,0,0,0,0,0,0,0,0,0,0,2,0,2,1,-1
0,0,0,0,0,0,0,2,0,1,0,0,0,0,0,0,0,1,1,-1
0,0,0,0,0,2,0,0,0,0,0,1,0,0,0,0,0,1,1,-1
0,0,0,2,0,0,0,0,0,0,0,0,0,1,0,0,0,1,1,-1
0,2,0,0,0,0,0,0,0,0,0,0,0,0,0,1,0,1,1,-1
0,0,0,0,0,0,0,1,0,0,0,0,0,0,0,0,0,1,2,-1
0,0,0,0,0,1,0,0,0,0,0,0,0,0,0,0,0,1,2,-1
0,0,0,1,0,0,0,0,0,0,0,0,0,0,0,0,0,1,2,-1
0,1,0,0,0,0,0,0,0,0,0,0,0,0,0,0,0,1,2,-1
0,0,0,0,0,0,0,0,0,1,0,0,0,0,0,0,0,2,1,-1
0,0,0,0,0,0,0,0,0,1,0,1,0,0,0,0,0,2,1,-1
0,0,0,0,0,0,0,0,0,0,0,1,0,1,0,0,0,2,1,-1
0,0,0,0,0,0,0,0,0,0,0,0,0,1,0,1,0,2,1,-1
0,0,0,0,0,0,0,1,0,0,0,0,0,0,0,1,0,1,1,-1
0,0,0,0,0,1,0,1,0,1,0,0,0,0,0,0,0,1,1,-1
0,0,0,1,0,1,0,0,0,0,0,1,0,0,0,0,0,1,1,-1
0,1,0,1,0,0,0,0,0,0,0,0,0,1,0,0,0,1,1,-1
0,1,0,0,0,0,0,0,0,0,0,0,0,0,0,1,0,1,1,-1
0,0,0,0,0,0,0,1,0,0,0,0,0,0,0,0,0,1,2,-1
0,0,0,0,0,1,0,0,0,0,0,0,0,0,0,0,0,1,2,-1
0,0,0,1,0,0,0,0,0,2,0,0,0,0,0,0,0,1,1,-1
0,1,0,0,0,0,0,0,0,0,0,2,0,0,0,0,0,1,1,-1
0,0,0,0,0,0,0,0,0,0,0,0,0,2,0,0,0,2,1,-1
0,0,0,0,0,0,0,0,0,0,0,0,0,0,0,2,0,2,1,-1
0,0,0,0,0,0,0,2,0,2,0,0,0,0,0,0,0,1,1,-1
0,0,0,0,0,2,0,0,0,0,0,2,0,0,0,0,0,1,1,-1
0,0,0,2,0,0,0,0,0,0,0,0,0,2,0,0,0,1,1,-1
0,2,0,0,0,0,0,0,0,1,0,0,0,0,0,2,0,1,1,-1
0,0,0,0,0,0,0,2,0,0,0,1,0,0,0,0,0,1,1,-1
0,0,0,0,0,2,0,0,0,0,0,0,0,1,0,0,0,1,1,-1
0,0,0,2,0,0,0,0,0,0,0,0,0,0,0,1,0,1,1,-1
0,2,0,0,0,0,0,1,0,0,0,0,0,0,0,0,0,1,2,-1
0,0,0,0,0,1,0,0,0,0,0,0,0,0,0,0,0,1,2,-1
0,0,0,1,0,0,0,0,0,0,0,0,0,0,0,0,0,1,2,-1
0,1,0,0,0,0,0,0,0,3,0,0,0,0,0,0,0,1,3,-1
0,0,0,0,0,0,0,0,0,4,0,3,0,0,0,0,0,2,5,-1
0,0,0,0,0,0,0,0,0,2,0,4,0,3,0,0,0,2,6,-1
0,0,0,0,0,0,0,0,0,0,0,2,0,4,0,3,0,2,6,-1
0,0,0,0,0,0,0,3,0,0,0,0,0,2,0,4,0,3,3,-1
0,0,0,0,0,3,0,4,0,0,0,0,0,0,0,2,0,5,1,-1
0,0,0,3,0,4,0,2,0,0,0,0,0,0,0,0,0,6,2,-1
0,3,0,4,0,2,0,0,0,0,0,0,0,0,0,0,0,6,2,-1
0,4,0,2,0,0,0,0,0,0,0,0,0,0,0,0,0,3,2,-1
0,2,0,0,0,0,0,0,0,0,0,0,0,0,0,0,0,1,2,-1
0,0,0,0,0,0,0,0,0,2,0,0,0,0,0,0,0,2,2,-1
0,0,0,0,0,0,0,0,0,2,0,2,0,0,0,0,0,2,2,-1
0,0,0,0,0,0,0,0,0,0,0,2,0,2,0,0,0,2,2,-1
0,0,0,0,0,0,0,0,0,0,0,0,0,2,0,2,0,2,2,-1
0,0,0,0,0,0,0,2,0,0,0,0,0,0,0,2,0,2,2,-1
0,0,0,0,0,2,0,2,0,0,0,0,0,0,0,0,0,2,2,-1
0,0,0,2,0,2,0,0,0,0,0,0,0,0,0,0,0,2,2,-1
0,2,0,2,0,0,0,0,0,0,0,0,0,0,0,0,0,2,2,-1
0,2,0,0,0,0,0,0,0,0,0,0,0,0,0,0,0,2,2,-1
0,0,0,0,0,0,0,0,0,1,0,0,0,0,0,0,0,2,1,-1
0,0,0,0,0,0,0,0,0,0,0,1,0,0,0,0,0,2,1,-1
0,0,0,0,0,0,0,0,0,0,0,0,0,1,0,0,0,2,1,-1
0,0,0,0,0,0,0,0,0,0,0,0,0,0,0,1,0,2,1,-1
0,0,0,0,0,0,0,1,0,0,0,0,0,0,0,0,0,1,2,-1
0,0,0,0,0,1,0,0,0,0,0,0,0,0,0,0,0,1,2,-1
0,0,0,1,0,0,0,0,0,0,0,0,0,0,0,0,0,1,2,-1
0,1,0,0,0,0,0,0,0,0,0,0,0,0,0,0,0,1,2,-1
0,0,0,0,0,0,0,0,0,1,0,0,0,0,0,0,0,2,1,-1
0,0,0,0,0,0,0,0,0,0,0,1,0,0,0,0,0,2,1,-1
0,0,0,0,0,0,0,0,0,0,0,0,0,1,0,0,0,2,1,-1
0,0,0,0,0,0,0,0,0,0,0,0,0,0,0,1,0,2,1,-1
0,0,0,0,0,0,0,1,0,0,0,0,0,0,0,0,0,1,1,-1
0,0,0,0,0,1,0,0,0,1,0,0,0,0,0,0,0,1,1,-1
0,0,0,1,0,0,0,0,0,2,0,1,0,0,0,0,0,1,3,-1
0,1,0,0,0,0,0,0,0,0,0,2,0,1,0,0,0,1,3,-1
0,0,0,0,0,0,0,0,0,0,0,0,0,2,0,1,0,1,3,-1
0,0,0,0,0,0,0,1,0,0,0,0,0,0,0,2,0,1,2,-1
0,0,0,0,0,1,0,2,0,0,0,0,0,0,0,0,0,3,2,-1
0,0,0,1,0,2,0,0,0,0,0,0,0,0,0,0,0,3,2,-1
0,1,0,2,0,0,0,0,0,0,0,0,0,0,0,0,0,3,2,-1
0,2,0,0,0,0,0,0,0,0,0,0,0,0,0,0,0,2,2,-1
0,0,0,0,0,0,0,0,0,2,0,0,0,0,0,0,0,2,1,-1
0,0,0,0,0,0,0,0,0,0,0,2,0,0,0,0,0,2,1,-1
0,0,0,0,0,0,0,0,0,0,0,0,0,2,0,0,0,2,1,-1
0,0,0,0,0,0,0,0,0,0,0,0,0,0,0,2,0,2,1,-1
0,0,0,0,0,0,0,2,0,0,0,0,0,0,0,0,0,1,2,-1
0,0,0,0,0,2,0,0,0,0,0,0,0,0,0,0,0,1,2,-1
0,0,0,2,0,0,0,0,0,1,0,0,0,0,0,0,0,1,1,-1
0,2,0,0,0,0,0,0,0,0,0,1,0,0,0,0,0,1,1,-1
0,0,0,0,0,0,0,0,0,0,0,0,0,1,0,0,0,2,1,-1
0,0,0,0,0,0,0,0,0,0,0,0,0,0,0,1,0,2,1,-1
0,0,0,0,0,0,0,1,0,0,0,0,0,0,0,0,0,1,2,-1
0,0,0,0,0,1,0,0,0,0,0,0,0,0,0,0,0,1,2,-1
0,0,0,1,0,0,0,0,0,0,0,0,0,0,0,0,0,1,2,-1
0,1,0,0,0,0,0,0,0,1,0,0,0,0,0,0,0,1,1,-1
0,0,0,0,0,0,0,0,0,0,0,1,0,0,0,0,0,2,1,-1
0,0,0,0,0,0,0,0,0,1,0,0,0,1,0,0,0,2,1,-1
0,0,0,0,0,0,0,0,0,0,0,1,0,0,0,1,0,2,1,-1
0,0,0,0,0,0,0,1,0,0,0,0,0,1,0,0,0,1,1,-1
0,0,0,0,0,1,0,0,0,0,0,0,0,0,0,1,0,1,1,-1
0,0,0,1,0,0,0,1,0,0,0,0,0,0,0,0,0,1,2,-1
0,1,0,0,0,1,0,0,0,0,0,0,0,0,0,0,0,1,2,-1
0,0,0,1,0,0,0,0,0,0,0,0,0,0,0,0,0,1,2,-1
0,1,0,0,0,0,0,0,0,0,0,0,0,0,0,0,0,1,2,-1
0,0,0,0,0,0,0,0,0,2,0,0,0,0,0,0,0,2,1,-1
0,0,0,0,0,0,0,0,0,0,0,2,0,0,0,0,0,2,1,-1
0,0,0,0,0,0,0,0,0,0,0,0,0,2,0,0,0,2,1,-1
0,0,0,0,0,0,0,0,0,0,0,0,0,0,0,2,0,2,1,-1
0,0,0,0,0,0,0,2,0,0,0,0,0,0,0,0,0,1,2,-1
0,0,0,0,0,2,0,0,0,0,0,0,0,0,0,0,0,1,2,-1
0,0,0,2,0,0,0,0,0,0,0,0,0,0,0,0,0,1,2,-1
0,2,0,0,0,0,0,0,0,0,0,0,0,0,0,0,0,1,2,-1
0,0,0,0,0,0,0,0,0,3,0,0,0,0,0,0,0,2,3,-1
0,0,0,0,0,0,0,0,0,1,0,3,0,0,0,0,0,2,4,-1
0,0,0,0,0,0,0,0,0,0,0,1,0,3,0,0,0,2,4,-1
0,0,0,0,0,0,0,0,0,0,0,0,0,1,0,3,0,2,4,-1
0,0,0,0,0,0,0,3,0,3,0,0,0,0,0,1,0,3,2,-1
0,0,0,0,0,3,0,1,0,0,0,3,0,0,0,0,0,4,2,-1
0,0,0,3,0,1,0,0,0,1,0,0,0,3,0,0,0,4,3,-1
0,3,0,1,0,0,0,0,0,0,0,1,0,0,0,3,0,4,3,-1
0,1,0,0,0,0,0,3,0,0,0,0,0,1,0,0,0,2,1,-1
0,0,0,0,0,3,0,0,0,0,0,0,0,0,0,1,0,2,1,-1
0,0,0,3,0,0,0,1,0,0,0,0,0,0,0,0,0,3,2,-1
0,3,0,0,0,1,0,0,0,0,0,0,0,0,0,0,0,3,2,-1
0,0,0,1,0,0,0,0,0,0,0,0,0,0,0,0,0,1,2,-1
0,1,0,0,0,0,0,0,0,0,0,0,0,0,0,0,0,1,2,-1
0,0,0,0,0,0,0,0,0,4,0,0,0,0,0,0,0,2,1,-1
0,0,0,0,0,0,0,0,0,0,0,4,0,0,0,0,0,2,1,-1
0,0,0,0,0,0,0,0,0,0,0,0,0,4,0,0,0,2,1,-1
0,0,0,0,0,0,0,0,0,0,0,0,0,0,0,4,0,2,1,-1
0,0,0,0,0,0,0,4,0,0,0,0,0,0,0,0,0,1,2,-1
0,0,0,0,0,4,0,0,0,0,0,0,0,0,0,0,0,1,2,-1
0,0,0,4,0,0,0,0,0,2,0,0,0,0,0,0,0,1,2,-1
0,4,0,0,0,0,0,0,0,1,0,2,0,0,0,0,0,1,3,-1
0,0,0,0,0,0,0,0,0,1,0,1,0,2,0,0,0,2,3,-1
0,0,0,0,0,0,0,0,0,2,0,1,0,1,0,2,0,2,3,-1
0,0,0,0,0,0,0,2,0,1,0,2,0,1,0,1,0,2,2,-1
0,0,0,0,0,2,0,1,0,2,0,1,0,2,0,1,0,3,4,-1
0,0,0,2,0,1,0,1,0,0,0,2,0,1,0,2,0,3,4,-1
0,2,0,1,0,1,0,2,0,0,0,0,0,2,0,1,0,3,3,-1
0,1,0,1,0,2,0,1,0,0,0,0,0,0,0,2,0,2,2,-1
0,1,0,2,0,1,0,2,0,0,0,0,0,0,0,0,0,4,2,-1
0,2,0,1,0,2,0,0,0,0,0,0,0,0,0,0,0,4,2,-1
0,1,0,2,0,0,0,0,0,0,0,0,0,0,0,0,0,3,2,-1
0,2,0,0,0,0,0,0,0,0,0,0,0,0,0,0,0,2,2,-1
0,0,0,0,0,0,0,0,0,2,0,0,0,0,0,0,0,2,2,-1
0,0,0,0,0,0,0,0,0,1,0,2,0,0,0,0,0,2,2,-1
0,0,0,0,0,0,0,0,0,0,0,1,0,2,0,0,0,2,2,-1
0,0,0,0,0,0,0,0,0,3,0,0,0,1,0,2,0,2,5,-1
0,0,0,0,0,0,0,2,0,0,0,3,0,0,0,1,0,2,4,-1
0,0,0,0,0,2,0,1,0,0,0,0,0,3,0,0,0,2,3,-1
0,0,0,2,0,1,0,0,0,0,0,0,0,0,0,3,0,2,3,-1
0,2,0,1,0,0,0,3,0,0,0,0,0,0,0,0,0,5,2,-1
0,1,0,0,0,3,0,0,0,0,0,0,0,0,0,0,0,4,2,-1
0,0,0,3,0,0,0,0,0,0,0,0,0,0,0,0,0,3,2,-1
0,3,0,0,0,0,0,0,0,0,0,0,0,0,0,0,0,3,2,-1
0,0,0,0,0,0,0,0,0,4,0,0,0,0,0,0,0,2,4,-1
0,0,0,0,0,0,0,0,0,0,0,4,0,0,0,0,0,2,4,-1
0,0,0,0,0,0,0,0,0,1,0,0,0,4,0,0,0,2,5,-1
0,0,0,0,0,0,0,0,0,2,0,1,0,0,0,4,0,2,5,-1
0,0,0,0,0,0,0,4,0,0,0,2,0,1,0,0,0,4,1,-1
0,0,0,0,0,4,0,0,0,0,0,0,0,2,0,1,0,4,1,-1
0,0,0,4,0,0,0,1,0,0,0,0,0,0,0,2,0,5,1,-1
0,4,0,0,0,1,0,2,0,0,0,0,0,0,0,0,0,5,2,-1
0,0,0,1,0,2,0,0,0,0,0,0,0,0,0,0,0,1,2,-1
0,1,0,2,0,0,0,0,0,0,0,0,0,0,0,0,0,1,2,-1
0,2,0,0,0,0,0,0,0,0,0,0,0,0,0,0,0,1,2,-1
0,0,0,0,0,0,0,0,0,1,0,0,0,0,0,0,0,2,1,-1
0,0,0,0,0,0,0,0,0,0,0,1,0,0,0,0,0,2,1,-1
0,0,0,0,0,0,0,0,0,1,0,0,0,1,0,0,0,2,1,-1
0,0,0,0,0,0,0,0,0,2,0,1,0,0,0,1,0,2,2,-1
0,0,0,0,0,0,0,1,0,0,0,2,0,1,0,0,0,1,2,-1
0,0,0,0,0,1,0,0,0,0,0,0,0,2,0,1,0,1,2,-1
0,0,0,1,0,0,0,1,0,0,0,0,0,0,0,2,0,1,1,-1
0,1,0,0,0,1,0,2,0,0,0,0,0,0,0,0,0,2,2,-1
0,0,0,1,0,2,0,0,0,0,0,0,0,0,0,0,0,2,2,-1
0,1,0,2,0,0,0,0,0,1,0,0,0,0,0,0,0,2,1,-1
0,2,0,0,0,0,0,0,0,1,0,1,0,0,0,0,0,1,1,-1
0,0,0,0,0,0,0,0,0,0,0,1,0,1,0,0,0,2,1,-1
0,0,0,0,0,0,0,0,0,0,0,0,0,1,0,1,0,2,1,-1
0,0,0,0,0,0,0,1,0,0,0,0,0,0,0,1,0,1,1,-1
0,0,0,0,0,1,0,1,0,0,0,0,0,0,0,0,0,1,2,-1
0,0,0,1,0,1,0,0,0,0,0,0,0,0,0,0,0,1,2,-1
0,1,0,1,0,0,0,0,0,0,0,0,0,0,0,0,0,1,2,-1
0,1,0,0,0,0,0,0,0,0,0,0,0,0,0,0,0,1,2,-1
0,0,0,0,0,0,0,0,0,1,0,0,0,0,0,0,0,2,1,-1
0,0,0,0,0,0,0,0,0,0,0,1,0,0,0,0,0,2,1,-1
0,0,0,0,0,0,0,0,0,1,0,0,0,1,0,0,0,2,1,-1
0,0,0,0,0,0,0,0,0,0,0,1,0,0,0,1,0,2,1,-1
0,0,0,0,0,0,0,1,0,1,0,0,0,1,0,0,0,1,2,-1
0,0,0,0,0,1,0,0,0,0,0,1,0,0,0,1,0,1,2,-1
0,0,0,1,0,0,0,1,0,0,0,0,0,1,0,0,0,1,1,-1
0,1,0,0,0,1,0,0,0,0,0,0,0,0,0,1,0,1,1,-1
0,0,0,1,0,0,0,1,0,0,0,0,0,0,0,0,0,2,1,-1
0,1,0,0,0,1,0,0,0,0,0,0,0,0,0,0,0,2,1,-1
0,0,0,1,0,0,0,0,0,0,0,0,0,0,0,0,0,1,1,-1
0,1,0,0,0,0,0,0,0,0,0,0,0,0,0,0,0,1,1,-1
0,0,0,0,0,0,0,0,0,1,0,0,0,0,0,0,0,1,1,274103
0,0,0,0,0,0,0,0,0,0,0,1,0,0,0,0,0,1,1,272303
0,0,0,0,0,0,0,0,0,0,0,0,0,1,0,0,0,1,1,270503
0,0,0,0,0,0,0,0,0,0,0,0,0,0,0,1,0,1,1,268703
0,0,0,0,0,0,0,1,0,0,0,0,0,0,0,0,0,1,2,266903
0,0,0,0,0,1,0,0,0,0,0,0,0,0,0,0,0,1,2,265103
0,0,0,1,0,0,0,0,0,0,0,0,0,0,0,0,0,1,2,263303
0,1,0,0,0,0,0,0,0,0,0,0,0,0,0,0,0,1,2,261503
0,0,0,0,0,0,0,0,0,4,0,0,0,0,0,0,0,2,4,259703
0,0,0,0,0,0,0,0,0,4,0,4,0,0,0,0,0,2,4,257903
0,0,0,0,0,0,0,0,0,0,0,4,0,4,0,0,0,2,4,256103
0,0,0,0,0,0,0,0,0,0,0,0,0,4,0,4,0,2,4,254303
0,0,0,0,0,0,0,4,0,4,0,0,0,0,0,4,0,4,4,252503
0,0,0,0,0,4,0,4,0,8,0,4,0,0,0,0,0,4,4,250703
0,0,0,4,0,4,0,0,0,7,0,8,0,4,0,0,0,4,4,248903
0,4,0,4,0,0,0,0,0,0,0,7,0,8,0,4,0,4,4,247103
0,4,0,0,0,0,0,4,0,0,0,0,0,7,0,8,0,4,4,245303
0,0,0,0,0,4,0,8,0,0,0,0,0,0,0,7,0,4,4,243503
0,0,0,4,0,8,0,7,0,0,0,0,0,0,0,0,0,4,2,241703
0,4,0,8,0,7,0,0,0,0,0,0,0,0,0,0,0,4,2,239903
0,8,0,7,0,0,0,0,0,0,0,0,0,0,0,0,0,4,2,238103
0,7,0,0,0,0,0,0,0,3,0,0,0,0,0,0,0,4,2,236303
0,0,0,0,0,0,0,0,0,1,0,3,0,0,0,0,0,2,2,234503
0,0,0,0,0,0,0,0,0,0,0,1,0,3,0,0,0,2,2,232703
0,0,0,0,0,0,0,0,0,2,0,0,0,1,0,3,0,2,3,230903
0,0,0,0,0,0,0,3,0,1,0,2,0,0,0,1,0,2,3,229103
0,0,0,0,0,3,0,1,0,0,0,1,0,2,0,0,0,2,2,227303
0,0,0,3,0,1,0,0,0,0,0,0,0,1,0,2,0,2,2,225503
0,3,0,1,0,0,0,2,0,2,0,0,0,0,0,1,0,3,2,223703
0,1,0,0,0,2,0,1,0,0,0,2,0,0,0,0,0,3,1,221903
0,0,0,2,0,1,0,0,0,0,0,0,0,2,0,0,0,2,1,220103
0,2,0,1,0,0,0,0,0,0,0,0,0,0,0,2,0,2,1,218303
0,1,0,0,0,0,0,2,0,0,0,0,0,0,0,0,0,2,2,216503
0,0,0,0,0,2,0,0,0,0,0,0,0,0,0,0,0,1,2,214703
0,0,0,2,0,0,0,0,0,0,0,0,0,0,0,0,0,1,2,212903
0,2,0,0,0,0,0,0,0,0,0,0,0,0,0,0,0,1,2,211103
0,0,0,0,0,0,0,0,0,1,0,0,0,0,0,0,0,2,1,203903
0,0,0,0,0,0,0,0,0,1,0,1,0,0,0,0,0,2,1,202103
0,0,0,0,0,0,0,0,0,0,0,1,0,1,0,0,0,2,1,200303
0,0,0,0,0,0,0,0,0,0,0,0,0,1,0,1,0,2,1,198503
0,0,0,0,0,0,0,1,0,0,0,0,0,0,0,1,0,1,1,196703
0,0,0,0,0,1,0,1,0,1,0,0,0,0,0,0,0,1,1,194903
0,0,0,1,0,1,0,0,0,0,0,1,0,0,0,0,0,1,1,193103
0,1,0,1,0,0,0,0,0,0,0,0,0,1,0,0,0,1,1,191303
0,1,0,0,0,0,0,0,0,0,0,0,0,0,0,1,0,1,1,189503
0,0,0,0,0,0,0,1,0,0,0,0,0,0,0,0,0,1,2,187703
0,0,0,0,0,1,0,0,0,0,0,0,0,0,0,0,0,1,2,185903
0,0,0,1,0,0,0,0,0,0,0,0,0,0,0,0,0,1,2,184103
0,1,0,0,0,0,0,0,0,0,0,0,0,0,0,0,0,1,2,182303
0,0,0,0,0,0,0,0,0,2,0,0,0,0,0,0,0,2,1,176903
0,0,0,0,0,0,0,0,0,0,0,2,0,0,0,0,0,2,1,175103
0,0,0,0,0,0,0,0,0,0,0,0,0,2,0,0,0,2,1,173303
0,0,0,0,0,0,0,0,0,1,0,0,0,0,0,2,0,2,1,171503
0,0,0,0,0,0,0,2,0,0,0,1,0,0,0,0,0,1,1,169703
0,0,0,0,0,2,0,0,0,0,0,0,0,1,0,0,0,1,1,167903
0,0,0,2,0,0,0,0,0,0,0,0,0,0,0,1,0,1,1,166103
0,2,0,0,0,0,0,1,0,0,0,0,0,0,0,0,0,1,2,164303
0,0,0,0,0,1,0,0,0,0,0,0,0,0,0,0,0,1,2,162503
0,0,0,1,0,0,0,0,0,0,0,0,0,0,0,0,0,1,2,160703
0,1,0,0,0,0,0,0,0,3,0,0,0,0,0,0,0,1,3,158903
0,0,0,0,0,0,0,0,0,4,0,3,0,0,0,0,0,2,5,157103
0,0,0,0,0,0,0,0,0,2,0,4,0,3,0,0,0,2,6,155303
0,0,0,0,0,0,0,0,0,0,0,2,0,4,0,3,0,2,6,153503
0,0,0,0,0,0,0,3,0,33,0,0,0,2,0,4,0,3,13,151703
0,0,0,0,0,3,0,4,0,0,0,33,0,0,0,2,0,5,11,149903
0,0,0,3,0,4,0,2,0,0,0,0,0,33,0,0,0,6,10,148103
0,3,0,4,0,2,0,0,0,0,0,0,0,0,0,33,0,6,10,146303
0,4,0,2,0,0,0,33,0,0,0,0,0,0,0,0,0,13,2,144503
0,2,0,0,0,33,0,0,0,1,0,0,0,0,0,0,0,11,1,142703
0,0,0,33,0,0,0,0,0,0,0,1,0,0,0,0,0,10,1,140903
0,33,0,0,0,0,0,0,0,0,0,0,0,1,0,0,0,10,1,139103
0,0,0,0,0,0,0,0,0,0,0,0,0,0,0,1,0,2,1,137303
0,0,0,0,0,0,0,1,0,0,0,0,0,0,0,0,0,1,2,135503
0,0,0,0,0,1,0,0,0,2,0,0,0,0,0,0,0,1,2,133703
0,0,0,1,0,0,0,0,0,2,0,2,0,0,0,0,0,1,2,131903
0,1,0,0,0,0,0,0,0,0,0,2,0,2,0,0,0,1,2,130103
0,0,0,0,0,0,0,0,0,0,0,0,0,2,0,2,0,2,2,128303
0,0,0,0,0,0,0,2,0,0,0,0,0,0,0,2,0,2,2,126503
0,0,0,0,0,2,0,2,0,0,0,0,0,0,0,0,0,2,2,124703
0,0,0,2,0,2,0,0,0,0,0,0,0,0,0,0,0,2,2,122903
0,2,0,2,0,0,0,0,0,0,0,0,0,0,0,0,0,2,2,121103
0,2,0,0,0,0,0,0,0,0,0,0,0,0,0,0,0,2,2,119303
0,0,0,0,0,0,0,0,0,4,0,0,0,0,0,0,0,2,1,94103
0,0,0,0,0,0,0,0,0,8,0,4,0,0,0,0,0,2,1,92303
0,0,0,0,0,0,0,0,0,0,0,8,0,4,0,0,0,2,1,90503
0,0,0,0,0,0,0,0,0,0,0,0,0,8,0,4,0,2,1,88703
0,0,0,0,0,0,0,4,0,0,0,0,0,0,0,8,0,1,1,86903
0,0,0,0,0,4,0,8,0,0,0,0,0,0,0,0,0,1,2,85103
0,0,0,4,0,8,0,0,0,0,0,0,0,0,0,0,0,1,2,83303
0,4,0,8,0,0,0,0,0,0,0,0,0,0,0,0,0,1,2,81503
0,8,0,0,0,0,0,0,0,0,0,0,0,0,0,0,0,1,2,79703
0,0,0,0,0,0,0,0,0,1,0,0,0,0,0,0,0,2,1,63503
0,0,0,0,0,0,0,0,0,0,0,1,0,0,0,0,0,2,1,61703
0,0,0,0,0,0,0,0,0,0,0,0,0,1,0,0,0,2,1,59903
0,0,0,0,0,0,0,0,0,0,0,0,0,0,0,1,0,2,1,58103
0,0,0,0,0,0,0,1,0,2,0,0,0,0,0,0,0,1,1,56303
0,0,0,0,0,1,0,0,0,0,0,2,0,0,0,0,0,1,1,54503
0,0,0,1,0,0,0,0,0,0,0,0,0,2,0,0,0,1,1,52703
0,1,0,0,0,0,0,0,0,0,0,0,0,0,0,2,0,1,1,50903
0,0,0,0,0,0,0,2,0,0,0,0,0,0,0,0,0,1,2,49103
0,0,0,0,0,2,0,0,0,0,0,0,0,0,0,0,0,1,2,47303
0,0,0,2,0,0,0,0,0,0,0,0,0,0,0,0,0,1,2,45503
0,2,0,0,0,0,0,0,0,0,0,0,0,0,0,0,0,1,2,43703
0,0,0,0,0,0,0,0,0,6,0,0,0,0,0,0,0,2,1,7703
0,0,0,0,0,0,0,0,0,4,0,6,0,0,0,0,0,2,1,5903
0,0,0,0,0,0,0,0,0,0,0,4,0,6,0,0,0,2,1,4103
0,0,0,0,0,0,0,0,0,0,0,0,0,4,0,6,0,2,1,2303
1,0,0,0,0,0,0,6,0,0,0,0,0,0,0,4,0,1,1,503
0,0,0,0,0,6,0,4,0,0,0,0,0,0,0,0,0,1,2,83567
0,0,0,6,0,4,0,0,0,0,0,0,0,0,0,0,0,1,2,81767
0,6,0,4,0,0,0,0,0,0,0,0,0,0,0,0,0,1,2,79967
0,4,0,0,0,0,0,0,0,0,0,0,0,0,0,0,0,1,2,78167
0,0,0,0,0,0,0,0,0,1,0,0,0,0,0,0,0,2,1,38567
0,0,0,0,0,0,0,0,0,0,0,1,0,0,0,0,0,2,1,36767
0,0,0,0,0,0,0,0,0,0,0,0,0,1,0,0,0,2,1,34967
0,0,0,0,0,0,0,0,0,0,0,0,0,0,0,1,0,2,1,33167
0,0,0,0,0,0,0,1,0,0,0,0,0,0,0,0,0,1,1,31367
0,0,0,0,0,1,0,0,0,1,0,0,0,0,0,0,0,1,1,29567
0,0,0,1,0,0,0,0,0,13,1,1,0,0,0,0,0,1,5,27767
0,1,0,0,0,0,0,0,0,0,0,13,1,1,0,0,0,1,5,25967
0,0,0,0,0,0,0,0,0,0,0,0,0,13,1,1,0,1,5,24167
0,0,0,0,0,0,0,1,0,0,0,0,0,0,0,13,1,1,4,22367
0,0,0,0,0,1,0,13,1,0,0,0,0,0,0,0,0,5,2,20567
0,0,0,1,0,13,1,0,0,0,0,0,0,0,0,0,0,5,2,18767
0,1,0,13,1,0,0,0,0,0,0,0,0,0,0,0,0,5,2,16967
0,13,1,0,0,0,0,0,0,0,0,0,0,0,0,0,0,4,2,15167
0,0,0,0,0,0,0,0,0,2,0,0,0,0,0,0,0,2,1,11567
0,0,0,0,0,0,0,0,0,0,0,2,0,0,0,0,0,2,1,9767
0,0,0,0,0,0,0,0,0,0,0,0,0,2,0,0,0,2,1,7967
0,0,0,0,0,0,0,0,0,0,0,0,0,0,0,2,0,2,1,6167
0,0,0,0,0,0,0,2,0,0,0,0,0,0,0,0,0,1,2,4367
0,0,0,0,0,2,0,0,0,0,0,0,0,0,0,0,0,1,2,2567
1,0,0,2,0,0,0,0,0,1,0,0,0,0,0,0,0,1,1,767
0,2,0,0,0,0,0,0,0,0,0,1,0,0,0,0,0,1,1,89798
0,0,0,0,0,0,0,0,0,0,0,0,0,1,0,0,0,2,1,87998
0,0,0,0,0,0,0,0,0,0,0,0,0,0,0,1,0,2,1,86198
0,0,0,0,0,0,0,1,0,0,0,0,0,0,0,0,0,1,2,84398
0,0,0,0,0,1,0,0,0,0,0,0,0,0,0,0,0,1,2,82598
0,0,0,1,0,0,0,0,0,0,0,0,0,0,0,0,0,1,2,80798
0,1,0,0,0,0,0,0,0,2,0,0,0,0,0,0,0,1,2,78998
0,0,0,0,0,0,0,0,0,0,0,2,0,0,0,0,0,2,2,77198
0,0,0,0,0,0,0,0,0,2,0,0,0,2,0,0,0,2,2,75398
0,0,0,0,0,0,0,0,0,0,0,2,0,0,0,2,0,2,2,73598
0,0,0,0,0,0,0,2,0,0,0,0,0,2,0,0,0,2,2,71798
0,0,0,0,0,2,0,0,0,0,0,0,0,0,0,2,0,2,2,69998
0,0,0,2,0,0,0,2,0,0,0,0,0,0,0,0,0,2,2,68198
0,2,0,0,0,2,0,0,0,2,0,0,0,0,0,0,0,2,1,66398
0,0,0,2,0,0,0,0,0,0,0,2,0,0,0,0,0,2,1,64598
0,2,0,0,0,0,0,0,0,0,0,0,0,2,0,0,0,2,1,62798
0,0,0,0,0,0,0,0,0,0,0,0,0,0,0,2,0,2,1,60998
0,0,0,0,0,0,0,2,0,0,0,0,0,0,0,0,0,1,2,59198
0,0,0,0,0,2,0,0,0,0,0,0,0,0,0,0,0,1,2,57398
0,0,0,2,0,0,0,0,0,0,0,0,0,0,0,0,0,1,2,55598
0,2,0,0,0,0,0,0,0,0,0,0,0,0,0,0,0,1,2,53798
0,0,0,0,0,0,0,0,0,2,0,0,0,0,0,0,0,2,1,50198
0,0,0,0,0,0,0,0,0,0,0,2,0,0,0,0,0,2,1,48398
0,0,0,0,0,0,0,0,0,0,0,0,0,2,0,0,0,2,1,46598
0,0,0,0,0,0,0,0,0,0,0,0,0,0,0,2,0,2,1,44798
0,0,0,0,0,0,0,2,0,0,0,0,0,0,0,0,0,1,2,42998
0,0,0,0,0,2,0,0,0,0,0,0,0,0,0,0,0,1,2,41198
0,0,0,2,0,0,0,0,0,0,0,0,0,0,0,0,0,1,2,39398
0,2,0,0,0,0,0,0,0,0,0,0,0,0,0,0,0,1,2,37598
0,0,0,0,0,0,0,0,0,5,0,0,0,0,0,0,0,2,5,30398
0,0,0,0,0,0,0,0,0,1,0,5,0,0,0,0,0,2,6,28598
0,0,0,0,0,0,0,0,0,0,0,1,0,5,0,0,0,2,6,26798
0,0,0,0,0,0,0,0,0,0,0,0,0,1,0,5,0,2,6,24998
0,0,0,0,0,0,0,5,0,1,0,0,0,0,0,1,0,5,1,23198
0,0,0,0,0,5,0,1,0,0,0,1,0,0,0,0,0,6,1,21398
0,0,0,5,0,1,0,0,0,1,0,0,0,1,0,0,0,6,2,19598
0,5,0,1,0,0,0,0,0,0,0,1,0,0,0,1,0,6,2,17798
0,1,0,0,0,0,0,1,0,0,0,0,0,1,0,0,0,1,1,15998
0,0,0,0,0,1,0,0,0,0,0,0,0,0,0,1,0,1,1,14198
0,0,0,1,0,0,0,1,0,2,0,0,0,0,0,0,0,2,1,12398
0,1,0,0,0,1,0,0,0,3,0,2,0,0,0,0,0,2,4,10598
0,0,0,1,0,0,0,0,0,4,0,3,0,2,0,0,0,1,5,8798
0,1,0,0,0,0,0,0,0,0,0,4,0,3,0,2,0,1,5,6998
0,0,0,0,0,0,0,2,0,5,0,0,0,4,0,3,0,1,8,5198
0,0,0,0,0,2,0,3,0,0,0,5,0,0,0,4,0,4,8,3398
1,0,0,2,0,3,0,4,0,0,0,0,0,5,0,0,0,5,4,1598
0,2,0,3,0,4,0,0,0,4,0,0,0,0,0,5,0,5,5,-1
0,3,0,4,0,0,0,5,0,0,0,4,0,0,0,0,0,8,4,-1
0,4,0,0,0,5,0,0,0,0,0,0,0,4,0,0,0,8,4,-1
0,0,0,5,0,0,0,0,0,0,0,0,0,0,0,4,0,4,4,-1
0,5,0,0,0,0,0,4,0,0,0,0,0,0,0,0,0,5,2,-1
0,0,0,0,0,4,0,0,0,2,0,0,0,0,0,0,0,4,1,-1
0,0,0,4,0,0,0,0,0,4,0,2,0,0,0,0,0,4,4,-1
0,4,0,0,0,0,0,0,0,3,0,4,0,2,0,0,0,4,7,-1
0,0,0,0,0,0,0,0,0,1,0,3,0,4,0,2,0,2,7,-1
0,0,0,0,0,0,0,2,0,2,0,1,0,3,0,4,0,1,6,-1
0,0,0,0,0,2,0,4,0,1,0,2,0,1,0,3,0,4,6,-1
0,0,0,2,0,4,0,3,0,2,0,1,0,2,0,1,0,7,5,-1
0,2,0,4,0,3,0,1,0,0,0,2,0,1,0,2,0,7,5,-1
0,4,0,3,0,1,0,2,0,0,0,0,0,2,0,1,0,6,3,-1
0,3,0,1,0,2,0,1,0,0,0,0,0,0,0,2,0,6,2,-1
0,1,0,2,0,1,0,2,0,0,0,0,0,0,0,0,0,5,2,-1
0,2,0,1,0,2,0,0,0,0,0,0,0,0,0,0,0,5,2,-1
0,1,0,2,0,0,0,0,0,0,0,0,0,0,0,0,0,3,2,-1
0,2,0,0,0,0,0,0,0,0,0,0,0,0,0,0,0,2,2,-1
0,0,0,0,0,0,0,0,0,2,0,0,0,0,0,0,0,2,1,-1
0,0,0,0,0,0,0,0,0,1,0,2,0,0,0,0,0,2,2,-1
0,0,0,0,0,0,0,0,0,4,0,1,0,2,0,0,0,2,3,-1
0,0,0,0,0,0,0,0,0,0,0,4,0,1,0,2,0,2,3,-1
0,0,0,0,0,0,0,2,0,1,0,0,0,4,0,1,0,1,3,-1
0,0,0,0,0,2,0,1,0,3,0,1,0,0,0,4,0,2,3,-1
0,0,0,2,0,1,0,4,0,0,0,3,0,1,0,0,0,3,2,-1
0,2,0,1,0,4,0,0,0,0,0,0,0,3,0,1,0,3,2,-1
0,1,0,4,0,0,0,1,0,0,0,0,0,0,0,3,0,3,1,-1
0,4,0,0,0,1,0,3,0,3,0,0,0,0,0,0,0,3,3,-1
0,0,0,1,0,3,0,0,0,0,0,3,0,0,0,0,0,2,3,-1
0,1,0,3,0,0,0,0,0,0,0,0,0,3,0,0,0,2,3,-1
0,3,0,0,0,0,0,0,0,6,0,0,0,0,0,3,0,1,7,-1
0,0,0,0,0,0,0,3,0,0,0,6,0,0,0,0,0,3,4,-1
0,0,0,0,0,3,0,0,0,0,0,0,0,6,0,0,0,3,4,-1
0,0,0,3,0,0,0,0,0,0,0,0,0,0,0,6,0,3,4,-1
0,3,0,0,0,0,0,6,0,0,0,0,0,0,0,0,0,7,2,-1
0,0,0,0,0,6,0,0,0,0,0,0,0,0,0,0,0,4,2,-1
0,0,0,6,0,0,0,0,0,0,0,0,0,0,0,0,0,4,2,-1
0,6,0,0,0,0,0,0,0,0,0,0,0,0,0,0,0,4,2,-1
0,0,0,0,0,0,0,0,0,1,0,0,0,0,0,0,0,2,1,-1
0,0,0,0,0,0,0,0,0,5,0,1,0,0,0,0,0,2,6,-1
0,0,0,0,0,0,0,0,0,0,0,5,0,1,0,0,0,2,6,-1
0,0,0,0,0,0,0,0,0,1,0,0,0,5,0,1,0,2,7,-1
0,0,0,0,0,0,0,1,0,2,0,1,0,0,0,5,0,1,6,-1
0,0,0,0,0,1,0,5,0,0,0,2,0,1,0,0,0,6,1,-1
0,0,0,1,0,5,0,0,0,0,0,0,0,2,0,1,0,6,1,-1
0,1,0,5,0,0,0,1,0,0,0,0,0,0,0,2,0,7,1,-1
0,5,0,0,0,1,0,2,0,0,0,0,0,0,0,0,0,6,2,-1
0,0,0,1,0,2,0,0,0,0,0,0,0,0,0,0,0,1,2,-1
0,1,0,2,0,0,0,0,0,0,0,0,0,0,0,0,0,1,2,-1
0,2,0,0,0,0,0,0,0,0,0,0,0,0,0,0,0,1,2,-1
0,0,0,0,0,0,0,0,0,1,0,0,0,0,0,0,0,2,1,-1
0,0,0,0,0,0,0,0,0,0,0,1,0,0,0,0,0,2,1,-1
0,0,0,0,0,0,0,0,0,1,0,0,0,1,0,0,0,2,1,-1
0,0,0,0,0,0,0,0,0,0,0,1,0,0,0,1,0,2,1,-1
0,0,0,0,0,0,0,1,0,0,0,0,0,1,0,0,0,1,1,-1
0,0,0,0,0,1,0,0,0,0,0,0,0,0,0,1,0,1,1,-1
0,0,0,1,0,0,0,1,0,0,0,0,0,0,0,0,0,1,2,-1
0,1,0,0,0,1,0,0,0,0,0,0,0,0,0,0,0,1,2,-1
0,0,0,1,0,0,0,0,0,0,0,0,0,0,0,0,0,1,2,-1
0,1,0,0,0,0,0,0,0,0,0,0,0,0,0,0,0,1,2,-1
0,0,0,0,0,0,0,0,0,2,0,0,0,0,0,0,0,2,1,-1
0,0,0,0,0,0,0,0,0,0,0,2,0,0,0,0,0,2,1,-1
0,0,0,0,0,0,0,0,0,1,0,0,0,2,0,0,0,2,2,-1
0,0,0,0,0,0,0,0,0,13,0,1,0,0,0,2,0,2,14,-1
0,0,0,0,0,0,0,2,0,0,0,13,0,1,0,0,0,1,13,-1
0,0,0,0,0,2,0,0,0,0,0,0,0,13,0,1,0,1,13,-1
0,0,0,2,0,0,0,1,0,0,0,0,0,0,0,13,0,2,13,-1
0,2,0,0,0,1,0,13,0,0,0,0,0,0,0,0,0,14,2,-1
0,0,0,1,0,13,0,0,0,1,1,0,0,0,0,0,0,13,2,-1
0,1,0,13,0,0,0,0,0,0,0,1,1,0,0,0,0,13,2,-1
0,13,0,0,0,0,0,0,0,1,0,0,0,1,1,0,0,13,3,-1
0,0,0,0,0,0,0,0,0,0,0,1,0,0,0,1,1,2,3,-1
0,0,0,0,0,0,0,1,1,0,0,0,0,1,0,0,0,2,1,-1
0,0,0,0,0,1,1,0,0,1,0,0,0,0,0,1,0,2,2,-1
0,0,0,1,1,0,0,1,0,0,0,1,0,0,0,0,0,3,1,-1
0,1,1,0,0,1,0,0,0,2,0,0,0,1,0,0,0,3,2,-1
0,0,0,1,0,0,0,0,0,0,0,2,0,0,0,1,0,1,2,-1
0,1,0,0,0,0,0,1,0,1,0,0,0,2,0,0,0,2,3,-1
0,0,0,0,0,1,0,0,0,0,0,1,0,0,0,2,0,1,3,-1
0,0,0,1,0,0,0,2,0,0,0,0,0,1,0,0,0,2,1,-1
0,1,0,0,0,2,0,0,0,0,0,0,0,0,0,1,0,2,1,-1
0,0,0,2,0,0,0,1,0,0,0,0,0,0,0,0,0,3,1,-1
0,2,0,0,0,1,0,0,0,0,0,0,0,0,0,0,0,3,1,-1
0,0,0,1,0,0,0,0,0,0,0,0,0,0,0,0,0,1,1,-1
0,1,0,0,0,0,0,0,0,0,0,0,0,0,0,0,0,1,1,-1
0,0,0,0,0,0,0,0,0,1,0,0,0,0,0,0,0,1,1,274103
0,0,0,0,0,0,0,0,0,0,0,1,0,0,0,0,0,1,1,272303
0,0,0,0,0,0,0,0,0,0,0,0,0,1,0,0,0,1,1,270503
0,0,0,0,0,0,0,0,0,0,0,0,0,0,0,1,0,1,1,268703
0,0,0,0,0,0,0,1,0,0,0,0,0,0,0,0,0,1,2,266903
0,0,0,0,0,1,0,0,0,0,0,0,0,0,0,0,0,1,2,265103
0,0,0,1,0,0,0,0,0,0,0,0,0,0,0,0,0,1,2,263303
0,1,0,0,0,0,0,0,0,0,0,0,0,0,0,0,0,1,2,261503
0,0,0,0,0,0,0,0,0,4,0,0,0,0,0,0,0,2,4,259703
0,0,0,0,0,0,0,0,0,4,0,4,0,0,0,0,0,2,4,257903
0,0,0,0,0,0,0,0,0,0,0,4,0,4,0,0,0,2,4,256103
0,0,0,0,0,0,0,0,0,0,0,0,0,4,0,4,0,2,4,254303
0,0,0,0,0,0,0,4,0,4,0,0,0,0,0,4,0,4,4,252503
0,0,0,0,0,4,0,4,0,8,0,4,0,0,0,0,0,4,4,250703
0,0,0,4,0,4,0,0,0,7,0,8,0,4,0,0,0,4,4,248903
0,4,0,4,0,0,0,0,0,0,0,7,0,8,0,4,0,4,4,247103
0,4,0,0,0,0,0,4,0,0,0,0,0,7,0,8,0,4,4,245303
0,0,0,0,0,4,0,8,0,0,0,0,0,0,0,7,0,4,4,243503
0,0,0,4,0,8,0,7,0,0,0,0,0,0,0,0,0,4,2,241703
0,4,0,8,0,7,0,0,0,0,0,0,0,0,0,0,0,4,2,239903
0,8,0,7,0,0,0,0,0,0,0,0,0,0,0,0,0,4,2,238103
0,7,0,0,0,0,0,0,0,3,0,0,0,0,0,0,0,4,2,236303
0,0,0,0,0,0,0,0,0,1,0,3,0,0,0,0,0,2,2,234503
0,0,0,0,0,0,0,0,0,0,0,1,0,3,0,0,0,2,2,232703
0,0,0,0,0,0,0,0,0,2,0,0,0,1,0,3,0,2,3,230903
0,0,0,0,0,0,0,3,0,1,0,2,0,0,0,1,0,2,3,229103
0,0,0,0,0,3,0,1,0,0,0,1,0,2,0,0,0,2,2,227303
0,0,0,3,0,1,0,0,0,0,0,0,0,1,0,2,0,2,2,225503
0,3,0,1,0,0,0,2,0,2,0,0,0,0,0,1,0,3,2,223703
0,1,0,0,0,2,0,1,0,0,0,2,0,0,0,0,0,3,1,221903
0,0,0,2,0,1,0,0,0,0,0,0,0,2,0,0,0,2,1,220103
0,2,0,1,0,0,0,0,0,0,0,0,0,0,0,2,0,2,1,218303
0,1,0,0,0,0,0,2,0,0,0,0,0,0,0,0,0,2,2,216503
0,0,0,0,0,2,0,0,0,0,0,0,0,0,0,0,0,1,2,214703
0,0,0,2,0,0,0,0,0,0,0,0,0,0,0,0,0,1,2,212903
0,2,0,0,0,0,0,0,0,0,0,0,0,0,0,0,0,1,2,211103
0,0,0,0,0,0,0,0,0,1,0,0,0,0,0,0,0,2,1,203903
0,0,0,0,0,0,0,0,0,1,0,1,0,0,0,0,0,2,1,202103
0,0,0,0,0,0,0,0,0,0,0,1,0,1,0,0,0,2,1,200303
0,0,0,0,0,0,0,0,0,0,0,0,0,1,0,1,0,2,1,198503
0,0,0,0,0,0,0,1,0,0,0,0,0,0,0,1,0,1,1,196703
0,0,0,0,0,1,0,1,0,1,0,0,0,0,0,0,0,1,1,194903
0,0,0,1,0,1,0,0,0,0,0,1,0,0,0,0,0,1,1,193103
0,1,0,1,0,0,0,0,0,0,0,0,0,1,0,0,0,1,1,191303
0,1,0,0,0,0,0,0,0,0,0,0,0,0,0,1,0,1,1,189503
0,0,0,0,0,0,0,1,0,0,0,0,0,0,0,0,0,1,2,187703
0,0,0,0,0,1,0,0,0,0,0,0,0,0,0,0,0,1,2,185903
0,0,0,1,0,0,0,0,0,0,0,0,0,0,0,0,0,1,2,184103
0,1,0,0,0,0,0,0,0,0,0,0,0,0,0,0,0,1,2,182303
0,0,0,0,0,0,0,0,0,2,0,0,0,0,0,0,0,2,1,176903
0,0,0,0,0,0,0,0,0,0,0,2,0,0,0,0,0,2,1,175103
0,0,0,0,0,0,0,0,0,0,0,0,0,2,0,0,0,2,1,173303
0,0,0,0,0,0,0,0,0,1,0,0,0,0,0,2,0,2,1,171503
0,0,0,0,0,0,0,2,0,0,0,1,0,0,0,0,0,1,1,169703
0,0,0,0,0,2,0,0,0,0,0,0,0,1,0,0,0,1,1,167903
0,0,0,2,0,0,0,0,0,0,0,0,0,0,0,1,0,1,1,166103
0,2,0,0,0,0,0,1,0,0,0,0,0,0,0,0,0,1,2,164303
0,0,0,0,0,1,0,0,0,0,0,0,0,0,0,0,0,1,2,162503
0,0,0,1,0,0,0,0,0,0,0,0,0,0,0,0,0,1,2,160703
0,1,0,0,0,0,0,0,0,3,0,0,0,0,0,0,0,1,3,158903
0,0,0,0,0,0,0,0,0,4,0,3,0,0,0,0,0,2,5,157103
0,0,0,0,0,0,0,0,0,2,0,4,0,3,0,0,0,2,6,155303
0,0,0,0,0,0,0,0,0,0,0,2,0,4,0,3,0,2,6,153503
0,0,0,0,0,0,0,3,0,33,0,0,0,2,0,4,0,3,13,151703
0,0,0,0,0,3,0,4,0,0,0,33,0,0,0,2,0,5,11,149903
0,0,0,3,0,4,0,2,0,0,0,0,0,33,0,0,0,6,10,148103
0,3,0,4,0,2,0,0,0,0,0,0,0,0,0,33,0,6,10,146303
0,4,0,2,0,0,0,33,0,0,0,0,0,0,0,0,0,13,2,144503
0,2,0,0,0,33,0,0,0,1,0,0,0,0,0,0,0,11,1,142703
0,0,0,33,0,0,0,0,0,0,0,1,0,0,0,0,0,10,1,140903
0,33,0,0,0,0,0,0,0,0,0,0,0,1,0,0,0,10,1,139103
0,0,0,0,0,0,0,0,0,0,0,0,0,0,0,1,0,2,1,137303
0,0,0,0,0,0,0,1,0,0,0,0,0,0,0,0,0,1,2,135503
0,0,0,0,0,1,0,0,0,2,0,0,0,0,0,0,0,1,2,133703
0,0,0,1,0,0,0,0,0,2,0,2,0,0,0,0,0,1,2,131903
0,1,0,0,0,0,0,0,0,0,0,2,0,2,0,0,0,1,2,130103
0,0,0,0,0,0,0,0,0,0,0,0,0,2,0,2,0,2,2,128303
0,0,0,0,0,0,0,2,0,0,0,0,0,0,0,2,0,2,2,126503
0,0,0,0,0,2,0,2,0,0,0,0,0,0,0,0,0,2,2,124703
0,0,0,2,0,2,0,0,0,0,0,0,0,0,0,0,0,2,2,122903
0,2,0,2,0,0,0,0,0,0,0,0,0,0,0,0,0,2,2,121103
0,2,0,0,0,0,0,0,0,0,0,0,0,0,0,0,0,2,2,119303
0,0,0,0,0,0,0,0,0,4,0,0,0,0,0,0,0,2,1,94103
0,0,0,0,0,0,0,0,0,8,0,4,0,0,0,0,0,2,1,92303
0,0,0,0,0,0,0,0,0,0,0,8,0,4,0,0,0,2,1,90503
0,0,0,0,0,0,0,0,0,0,0,0,0,8,0,4,0,2,1,88703
0,0,0,0,0,0,0,4,0,0,0,0,0,0,0,8,0,1,1,86903
0,0,0,0,0,4,0,8,0,0,0,0,0,0,0,0,0,1,2,85103
0,0,0,4,0,8,0,0,0,0,0,0,0,0,0,0,0,1,2,83303
0,4,0,8,0,0,0,0,0,0,0,0,0,0,0,0,0,1,2,81503
0,8,0,0,0,0,0,0,0,0,0,0,0,0,0,0,0,1,2,79703
0,0,0,0,0,0,0,0,0,1,0,0,0,0,0,0,0,2,1,63503
0,0,0,0,0,0,0,0,0,0,0,1,0,0,0,0,0,2,1,61703
0,0,0,0,0,0,0,0,0,0,0,0,0,1,0,0,0,2,1,59903
0,0,0,0,0,0,0,0,0,0,0,0,0,0,0,1,0,2,1,58103
0,0,0,0,0,0,0,1,0,2,0,0,0,0,0,0,0,1,1,56303
0,0,0,0,0,1,0,0,0,0,0,2,0,0,0,0,0,1,1,54503
0,0,0,1,0,0,0,0,0,0,0,0,0,2,0,0,0,1,1,52703
0,1,0,0,0,0,0,0,0,0,0,0,0,0,0,2,0,1,1,50903
0,0,0,0,0,0,0,2,0,0,0,0,0,0,0,0,0,1,2,49103
0,0,0,0,0,2,0,0,0,0,0,0,0,0,0,0,0,1,2,47303
0,0,0,2,0,0,0,0,0,0,0,0,0,0,0,0,0,1,2,45503
0,2,0,0,0,0,0,0,0,0,0,0,0,0,0,0,0,1,2,43703
0,0,0,0,0,0,0,0,0,6,0,0,0,0,0,0,0,2,1,7703
0,0,0,0,0,0,0,0,0,4,0,6,0,0,0,0,0,2,1,5903
0,0,0,0,0,0,0,0,0,0,0,4,0,6,0,0,0,2,1,4103
0,0,0,0,0,0,0,0,0,0,0,0,0,4,0,6,0,2,1,2303
1,0,0,0,0,0,0,6,0,0,0,0,0,0,0,4,0,1,1,503
0,0,0,0,0,6,0,4,0,0,0,0,0,0,0,0,0,1,2,83567
0,0,0,6,0,4,0,0,0,0,0,0,0,0,0,0,0,1,2,81767
0,6,0,4,0,0,0,0,0,0,0,0,0,0,0,0,0,1,2,79967
0,4,0,0,0,0,0,0,0,0,0,0,0,0,0,0,0,1,2,78167
0,0,0,0,0,0,0,0,0,1,0,0,0,0,0,0,0,2,1,38567
0,0,0,0,0,0,0,0,0,0,0,1,0,0,0,0,0,2,1,36767
0,0,0,0,0,0,0,0,0,0,0,0,0,1,0,0,0,2,1,34967
0,0,0,0,0,0,0,0,0,0,0,0,0,0,0,1,0,2,1,33167
0,0,0,0,0,0,0,1,0,0,0,0,0,0,0,0,0,1,1,31367
0,0,0,0,0,1,0,0,0,1,0,0,0,0,0,0,0,1,1,29567
0,0,0,1,0,0,0,0,0,13,1,1,0,0,0,0,0,1,5,27767
0,1,0,0,0,0,0,0,0,0,0,13,1,1,0,0,0,1,5,25967
0,0,0,0,0,0,0,0,0,0,0,0,0,13,1,1,0,1,5,24167
0,0,0,0,0,0,0,1,0,0,0,0,0,0,0,13,1,1,4,22367
0,0,0,0,0,1,0,13,1,0,0,0,0,0,0,0,0,5,2,20567
0,0,0,1,0,13,1,0,0,0,0,0,0,0,0,0,0,5,2,18767
0,1,0,13,1,0,0,0,0,0,0,0,0,0,0,0,0,5,2,16967
0,13,1,0,0,0,0,0,0,0,0,0,0,0,0,0,0,4,2,15167
0,0,0,0,0,0,0,0,0,2,0,0,0,0,0,0,0,2,1,11567
0,0,0,0,0,0,0,0,0,0,0,2,0,0,0,0,0,2,1,9767
0,0,0,0,0,0,0,0,0,0,0,0,0,2,0,0,0,2,1,7967
0,0,0,0,0,0,0,0,0,0,0,0,0,0,0,2,0,2,1,6167
0,0,0,0,0,0,0,2,0,0,0,0,0,0,0,0,0,1,2,4367
0,0,0,0,0,2,0,0,0,0,0,0,0,0,0,0,0,1,2,2567
1,0,0,2,0,0,0,0,0,1,0,0,0,0,0,0,0,1,1,767
0,2,0,0,0,0,0,0,0,0,0,1,0,0,0,0,0,1,1,89798
0,0,0,0,0,0,0,0,0,0,0,0,0,1,0,0,0,2,1,87998
0,0,0,0,0,0,0,0,0,0,0,0,0,0,0,1,0,2,1,86198
0,0,0,0,0,0,0,1,0,0,0,0,0,0,0,0,0,1,2,84398
0,0,0,0,0,1,0,0,0,0,0,0,0,0,0,0,0,1,2,82598
0,0,0,1,0,0,0,0,0,0,0,0,0,0,0,0,0,1,2,80798
0,1,0,0,0,0,0,0,0,2,0,0,0,0,0,0,0,1,2,78998
0,0,0,0,0,0,0,0,0,0,0,2,0,0,0,0,0,2,2,77198
0,0,0,0,0,0,0,0,0,2,0,0,0,2,0,0,0,2,2,75398
0,0,0,0,0,0,0,0,0,0,0,2,0,0,0,2,0,2,2,73598
0,0,0,0,0,0,0,2,0,0,0,0,0,2,0,0,0,2,2,71798
0,0,0,0,0,2,0,0,0,0,0,0,0,0,0,2,0,2,2,69998
0,0,0,2,0,0,0,2,0,0,0,0,0,0,0,0,0,2,2,68198
0,2,0,0,0,2,0,0,0,2,0,0,0,0,0,0,0,2,1,66398
0,0,0,2,0,0,0,0,0,0,0,2,0,0,0,0,0,2,1,64598
0,2,0,0,0,0,0,0,0,0,0,0,0,2,0,0,0,2,1,62798
0,0,0,0,0,0,0,0,0,0,0,0,0,0,0,2,0,2,1,60998
0,0,0,0,0,0,0,2,0,0,0,0,0,0,0,0,0,1,2,59198
0,0,0,0,0,2,0,0,0,0,0,0,0,0,0,0,0,1,2,57398
0,0,0,2,0,0,0,0,0,0,0,0,0,0,0,0,0,1,2,55598
0,2,0,0,0,0,0,0,0,0,0,0,0,0,0,0,0,1,2,53798
0,0,0,0,0,0,0,0,0,2,0,0,0,0,0,0,0,2,1,50198
0,0,0,0,0,0,0,0,0,0,0,2,0,0,0,0,0,2,1,48398
0,0,0,0,0,0,0,0,0,0,0,0,0,2,0,0,0,2,1,46598
0,0,0,0,0,0,0,0,0,0,0,0,0,0,0,2,0,2,1,44798
0,0,0,0,0,0,0,2,0,0,0,0,0,0,0,0,0,1,2,42998
0,0,0,0,0,2,0,0,0,0,0,0,0,0,0,0,0,1,2,41198
0,0,0,2,0,0,0,0,0,0,0,0,0,0,0,0,0,1,2,39398
0,2,0,0,0,0,0,0,0,0,0,0,0,0,0,0,0,1,2,37598
0,0,0,0,0,0,0,0,0,5,0,0,0,0,0,0,0,2,5,30398
0,0,0,0,0,0,0,0,0,1,0,5,0,0,0,0,0,2,6,28598
0,0,0,0,0,0,0,0,0,0,0,1,0,5,0,0,0,2,6,26798
0,0,0,0,0,0,0,0,0,0,0,0,0,1,0,5,0,2,6,24998
0,0,0,0,0,0,0,5,0,1,0,0,0,0,0,1,0,5,1,23198
0,0,0,0,0,5,0,1,0,0,0,1,0,0,0,0,0,6,1,21398
0,0,0,5,0,1,0,0,0,1,0,0,0,1,0,0,0,6,2,19598
0,5,0,1,0,0,0,0,0,0,0,1,0,0,0,1,0,6,2,17798
0,1,0,0,0,0,0,1,0,0,0,0,0,1,0,0,0,1,1,15998
0,0,0,0,0,1,0,0,0,0,0,0,0,0,0,1,0,1,1,14198
0,0,0,1,0,0,0,1,0,2,0,0,0,0,0,0,0,2,1,12398
0,1,0,0,0,1,0,0,0,3,0,2,0,0,0,0,0,2,4,10598
0,0,0,1,0,0,0,0,0,4,0,3,0,2,0,0,0,1,5,8798
0,1,0,0,0,0,0,0,0,0,0,4,0,3,0,2,0,1,5,6998
0,0,0,0,0,0,0,2,0,5,0,0,0,4,0,3,0,1,8,5198
0,0,0,0,0,2,0,3,0,0,0,5,0,0,0,4,0,4,8,3398
1,0,0,2,0,3,0,4,0,0,0,0,0,5,0,0,0,5,4,1598
0,2,0,3,0,4,0,0,0,4,0,0,0,0,0,5,0,5,5,-1
0,3,0,4,0,0,0,5,0,0,0,4,0,0,0,0,0,8,4,-1
0,4,0,0,0,5,0,0,0,0,0,0,0,4,0,0,0,8,4,-1
0,0,0,5,0,0,0,0,0,0,0,0,0,0,0,4,0,4,4,-1
0,5,0,0,0,0,0,4,0,0,0,0,0,0,0,0,0,5,2,-1
0,0,0,0,0,4,0,0,0,2,0,0,0,0,0,0,0,4,1,-1
0,0,0,4,0,0,0,0,0,4,0,2,0,0,0,0,0,4,4,-1
0,4,0,0,0,0,0,0,0,3,0,4,0,2,0,0,0,4,7,-1
0,0,0,0,0,0,0,0,0,1,0,3,0,4,0,2,0,2,7,-1
0,0,0,0,0,0,0,2,0,2,0,1,0,3,0,4,0,1,6,-1
0,0,0,0,0,2,0,4,0,1,0,2,0,1,0,3,0,4,6,-1
0,0,0,2,0,4,0,3,0,2,0,1,0,2,0,1,0,7,5,-1
0,2,0,4,0,3,0,1,0,0,0,2,0,1,0,2,0,7,5,-1
0,4,0,3,0,1,0,2,0,0,0,0,0,2,0,1,0,6,3,-1
0,3,0,1,0,2,0,1,0,0,0,0,0,0,0,2,0,6,2,-1
0,1,0,2,0,1,0,2,0,0,0,0,0,0,0,0,0,5,2,-1
0,2,0,1,0,2,0,0,0,0,0,0,0,0,0,0,0,5,2,-1
0,1,0,2,0,0,0,0,0,0,0,0,0,0,0,0,0,3,2,-1
0,2,0,0,0,0,0,0,0,0,0,0,0,0,0,0,0,2,2,-1
0,0,0,0,0,0,0,0,0,2,0,0,0,0,0,0,0,2,1,-1
0,0,0,0,0,0,0,0,0,1,0,2,0,0,0,0,0,2,2,-1
0,0,0,0,0,0,0,0,0,4,0,1,0,2,0,0,0,2,3,-1
0,0,0,0,0,0,0,0,0,0,0,4,0,1,0,2,0,2,3,-1
0,0,0,0,0,0,0,2,0,1,0,0,0,4,0,1,0,1,3,-1
0,0,0,0,0,2,0,1,0,3,0,1,0,0,0,4,0,2,3,-1
0,0,0,2,0,1,0,4,0,0,0,3,0,1,0,0,0,3,2,-1
0,2,0,1,0,4,0,0,0,0,0,0,0,3,0,1,0,3,2,-1
0,1,0,4,0,0,0,1,0,0,0,0,0,0,0,3,0,3,1,-1
0,4,0,0,0,1,0,3,0,3,0,0,0,0,0,0,0,3,3,-1
0,0,0,1,0,3,0,0,0,0,0,3,0,0,0,0,0,2,3,-1
0,1,0,3,0,0,0,0,0,0,0,0,0,3,0,0,0,2,3,-1
0,3,0,0,0,0,0,0,0,6,0,0,0,0,0,3,0,1,7,-1
0,0,0,0,0,0,0,3,0,0,0,6,0,0,0,0,0,3,4,-1
0,0,0,0,0,3,0,0,0,0,0,0,0,6,0,0,0,3,4,-1
0,0,0,3,0,0,0,0,0,0,0,0,0,0,0,6,0,3,4,-1
0,3,0,0,0,0,0,6,0,0,0,0,0,0,0,0,0,7,2,-1
0,0,0,0,0,6,0,0,0,0,0,0,0,0,0,0,0,4,2,-1
0,0,0,6,0,0,0,0,0,0,0,0,0,0,0,0,0,4,2,-1
0,6,0,0,0,0,0,0,0,0,0,0,0,0,0,0,0,4,2,-1
0,0,0,0,0,0,0,0,0,1,0,0,0,0,0,0,0,2,1,-1
0,0,0,0,0,0,0,0,0,5,0,1,0,0,0,0,0,2,6,-1
0,0,0,0,0,0,0,0,0,0,0,5,0,1,0,0,0,2,6,-1
0,0,0,0,0,0,0,0,0,1,0,0,0,5,0,1,0,2,7,-1
0,0,0,0,0,0,0,1,0,2,0,1,0,0,0,5,0,1,6,-1
0,0,0,0,0,1,0,5,0,0,0,2,0,1,0,0,0,6,1,-1
0,0,0,1,0,5,0,0,0,0,0,0,0,2,0,1,0,6,1,-1
0,1,0,5,0,0,0,1,0,0,0,0,0,0,0,2,0,7,1,-1
0,5,0,0,0,1,0,2,0,0,0,0,0,0,0,0,0,6,2,-1
0,0,0,1,0,2,0,0,0,0,0,0,0,0,0,0,0,1,2,-1
0,1,0,2,0,0,0,0,0,0,0,0,0,0,0,0,0,1,2,-1
0,2,0,0,0,0,0,0,0,0,0,0,0,0,0,0,0,1,2,-1
0,0,0,0,0,0,0,0,0,1,0,0,0,0,0,0,0,2,1,-1
0,0,0,0,0,0,0,0,0,0,0,1,0,0,0,0,0,2,1,-1
0,0,0,0,0,0,0,0,0,1,0,0,0,1,0,0,0,2,1,-1
0,0,0,0,0,0,0,0,0,0,0,1,0,0,0,1,0,2,1,-1
0,0,0,0,0,0,0,1,0,0,0,0,0,1,0,0,0,1,1,-1
0,0,0,0,0,1,0,0,0,0,0,0,0,0,0,1,0,1,1,-1
0,0,0,1,0,0,0,1,0,0,0,0,0,0,0,0,0,1,2,-1
0,1,0,0,0,1,0,0,0,0,0,0,0,0,0,0,0,1,2,-1
0,0,0,1,0,0,0,0,0,0,0,0,0,0,0,0,0,1,2,-1
0,1,0,0,0,0,0,0,0,0,0,0,0,0,0,0,0,1,2,-1
0,0,0,0,0,0,0,0,0,2,0,0,0,0,0,0,0,2,1,-1
0,0,0,0,0,0,0,0,0,0,0,2,0,0,0,0,0,2,1,-1
0,0,0,0,0,0,0,0,0,1,0,0,0,2,0,0,0,2,2,-1
0,0,0,0,0,0,0,0,0,13,0,1,0,0,0,2,0,2,14,-1
0,0,0,0,0,0,0,2,0,0,0,13,0,1,0,0,0,1,13,-1
0,0,0,0,0,2,0,0,0,0,0,0,0,13,0,1,0,1,13,-1
0,0,0,2,0,0,0,1,0,0,0,0,0,0,0,13,0,2,13,-1
0,2,0,0,0,1,0,13,0,0,0,0,0,0,0,0,0,14,2,-1
0,0,0,1,0,13,0,0,0,1,1,0,0,0,0,0,0,13,2,-1
0,1,0,13,0,0,0,0,0,0,0,1,1,0,0,0,0,13,2,-1
0,13,0,0,0,0,0,0,0,1,0,0,0,1,1,0,0,13,3,-1
0,0,0,0,0,0,0,0,0,0,0,1,0,0,0,1,1,2,3,-1
0,0,0,0,0,0,0,1,1,0,0,0,0,1,0,0,0,2,1,-1
0,0,0,0,0,1,1,0,0,1,0,0,0,0,0,1,0,2,2,-1
0,0,0,1,1,0,0,1,0,0,0,1,0,0,0,0,0,3,1,-1
0,1,1,0,0,1,0,0,0,2,0,0,0,1,0,0,0,3,2,-1
0,0,0,1,0,0,0,0,0,0,0,2,0,0,0,1,0,1,2,-1
0,1,0,0,0,0,0,1,0,1,0,0,0,2,0,0,0,2,3,-1
0,0,0,0,0,1,0,0,0,0,0,1,0,0,0,2,0,1,3,-1
0,0,0,1,0,0,0,2,0,0,0,0,0,1,0,0,0,2,1,-1
0,1,0,0,0,2,0,0,0,0,0,0,0,0,0,1,0,2,1,-1
0,0,0,2,0,0,0,1,0,0,0,0,0,0,0,0,0,3,1,-1
0,2,0,0,0,1,0,0,0,0,0,0,0,0,0,0,0,3,1,-1
0,0,0,1,0,0,0,0,0,0,0,0,0,0,0,0,0,1,1,-1
0,1,0,0,0,0,0,0,0,0,0,0,0,0,0,0,0,1,1,-1
0,0,0,0,0,0,0,0,0,3,0,0,0,0,0,0,0,1,1,-1
0,0,0,0,0,0,0,0,0,0,0,3,0,0,0,0,0,1,1,-1
0,0,0,0,0,0,0,0,0,0,0,0,0,3,0,0,0,1,1,-1
0,0,0,0,0,0,0,0,0,0,0,0,0,0,0,3,0,1,1,-1
0,0,0,0,0,0,0,3,0,0,0,0,0,0,0,0,0,1,1,-1
0,0,0,0,0,3,0,0,0,1,0,0,0,0,0,0,0,1,1,-1
0,0,0,3,0,0,0,0,0,0,0,1,0,0,0,0,0,1,1,-1
0,3,0,0,0,0,0,0,0,0,0,0,0,1,0,0,0,1,1,-1
0,0,0,0,0,0,0,0,0,0,0,0,0,0,0,1,0,1,1,-1
0,0,0,0,0,0,0,1,0,0,0,0,0,0,0,0,0,1,1,-1
0,0,0,0,0,1,0,0,0,0,0,0,0,0,0,0,0,1,1,-1
0,0,0,1,0,0,0,0,0,0,0,0,0,0,0,0,0,1,1,-1
0,1,0,0,0,0,0,0,0,0,0,0,0,0,0,0,0,1,1,-1
0,0,0,0,0,0,0,0,0,0,1,0,0,0,0,0,0,1,1,-1
0,0,0,0,0,0,0,0,0,0,0,0,1,0,0,0,0,1,1,-1
0,0,0,0,0,0,0,0,0,0,0,0,0,0,1,0,0,1,1,-1
0,0,0,0,0,0,0,0,0,0,0,0,0,0,0,0,1,1,1,-1
0,0,0,0,0,0,0,0,1,0,0,0,0,0,0,0,0,1,1,-1
0,0,0,0,0,0,1,0,0,0,0,0,0,0,0,0,0,1,1,-1
0,0,0,0,1,0,0,0,0,0,0,0,0,0,0,0,0,1,1,-1
0,0,1,0,0,0,0,0,0,0,0,0,0,0,0,0,0,1,1,-1
0,0,0,0,0,0,0,0,0,2,0,0,0,0,0,0,0,1,1,-1
0,0,0,0,0,0,0,0,0,0,0,2,0,0,0,0,0,1,1,-1
0,0,0,0,0,0,0,0,0,0,0,0,0,2,0,0,0,1,1,-1
0,0,0,0,0,0,0,0,0,0,0,0,0,0,0,2,0,1,1,-1
0,0,0,0,0,0,0,2,0,0,0,0,0,0,0,0,0,1,2,-1
0,0,0,0,0,2,0,0,0,0,0,0,0,0,0,0,0,1,2,-1
0,0,0,2,0,0,0,0,0,0,0,0,0,0,0,0,0,1,2,-1
0,2,0,0,0,0,0,0,0,0,0,0,0,0,0,0,0,1,2,-1
0,0,0,0,0,0,0,0,0,1,0,0,0,0,0,0,0,2,1,-1
0,0,0,0,0,0,0,0,0,0,0,1,0,0,0,0,0,2,1,-1
0,0,0,0,0,0,0,0,0,2,0,0,0,1,0,0,0,2,2,-1
0,0,0,0,0,0,0,0,0,0,0,2,0,0,0,1,0,2,2,-1
0,0,0,0,0,0,0,1,0,0,0,0,0,2,0,0,0,1,1,-1
0,0,0,0,0,1,0,0,0,0,0,0,0,0,0,2,0,1,1,-1
0,0,0,1,0,0,0,2,0,0,0,0,0,0,0,0,0,2,2,-1
0,1,0,0,0,2,0,0,0,0,0,0,0,0,0,0,0,2,2,-1
0,0,0,2,0,0,0,0,0,3,0,0,0,0,0,0,0,1,1,-1
0,2,0,0,0,0,0,0,0,0,0,3,0,0,0,0,0,1,1,-1
0,0,0,0,0,0,0,0,0,0,0,0,0,3,0,0,0,2,1,-1
0,0,0,0,0,0,0,0,0,0,0,0,0,0,0,3,0,2,1,-1
0,0,0,0,0,0,0,3,0,0,0,0,0,0,0,0,0,1,2,-1
0,0,0,0,0,3,0,0,0,0,0,0,0,0,0,0,0,1,2,-1
0,0,0,3,0,0,0,0,0,0,0,0,0,0,0,0,0,1,2,-1
0,3,0,0,0,0,0,0,0,0,0,0,0,0,0,0,0,1,2,-1
0,0,0,0,0,0,0,0,0,2,0,0,0,0,0,0,0,2,2,-1
0,0,0,0,0,0,0,0,0,2,0,2,0,0,0,0,0,2,2,-1
0,0,0,0,0,0,0,0,0,0,0,2,0,2,0,0,0,2,2,-1
0,0,0,0,0,0,0,0,0,1,0,0,0,2,0,2,0,2,3,-1
0,0,0,0,0,0,0,2,0,1,0,1,0,0,0,2,0,2,3,-1
0,0,0,0,0,2,0,2,0,0,0,1,0,1,0,0,0,2,1,-1
0,0,0,2,0,2,0,0,0,0,0,0,0,1,0,1,0,2,1,-1
0,2,0,2,0,0,0,1,0,4,0,0,0,0,0,1,0,3,3,-1
0,2,0,0,0,1,0,1,0,2,0,4,0,0,0,0,0,3,3,-1
0,0,0,1,0,1,0,0,0,0,0,2,0,4,0,0,0,1,3,-1
0,1,0,1,0,0,0,0,0,0,0,0,0,2,0,4,0,1,3,-1
0,1,0,0,0,0,0,4,0,0,0,0,0,0,0,2,0,3,1,-1
0,0,0,0,0,4,0,2,0,0,0,0,0,0,0,0,0,3,2,-1
0,0,0,4,0,2,0,0,0,0,0,0,0,0,0,0,0,3,2,-1
0,4,0,2,0,0,0,0,0,0,0,0,0,0,0,0,0,3,2,-1
0,2,0,0,0,0,0,0,0,0,0,0,0,0,0,0,0,1,2,-1
0,0,0,0,0,0,0,0,0,1,0,0,0,0,0,0,0,2,1,-1
0,0,0,0,0,0,0,0,0,2,0,1,0,0,0,0,0,2,2,-1
0,0,0,0,0,0,0,0,0,0,0,2,0,1,0,0,0,2,2,-1
0,0,0,0,0,0,0,0,0,1,0,0,0,2,0,1,0,2,2,-1
0,0,0,0,0,0,0,1,0,4,0,1,0,0,0,2,0,1,4,-1
0,0,0,0,0,1,0,2,0,0,0,4,0,1,0,0,0,2,4,-1
0,0,0,1,0,2,0,0,0,0,0,0,0,4,0,1,0,2,4,-1
0,1,0,2,0,0,0,1,0,0,0,0,0,0,0,4,0,2,4,-1
0,2,0,0,0,1,0,4,0,0,0,0,0,0,0,0,0,4,2,-1
0,0,0,1,0,4,0,0,0,0,0,0,0,0,0,0,0,4,2,-1
0,1,0,4,0,0,0,0,0,0,0,0,0,0,0,0,0,4,2,-1
0,4,0,0,0,0,0,0,0,5,0,0,0,0,0,0,0,4,4,-1
0,0,0,0,0,0,0,0,0,0,0,5,0,0,0,0,0,2,4,-1
0,0,0,0,0,0,0,0,0,2,0,0,0,5,0,0,0,2,5,-1
0,0,0,0,0,0,0,0,0,0,0,2,0,0,0,5,0,2,5,-1
0,0,0,0,0,0,0,5,0,0,0,0,0,2,0,0,0,4,1,-1
0,0,0,0,0,5,0,0,0,0,0,0,0,0,0,2,0,4,1,-1
0,0,0,5,0,0,0,2,0,0,0,0,0,0,0,0,0,5,2,-1
0,5,0,0,0,2,0,0,0,0,0,0,0,0,0,0,0,5,2,-1
0,0,0,2,0,0,0,0,0,0,0,0,0,0,0,0,0,1,2,-1
0,2,0,0,0,0,0,0,0,0,0,0,0,0,0,0,0,1,2,-1
0,0,0,0,0,0,0,0,0,2,0,0,0,0,0,0,0,2,2,-1
0,0,0,0,0,0,0,0,0,2,0,2,0,0,0,0,0,2,2,-1
0,0,0,0,0,0,0,0,0,0,0,2,0,2,0,0,0,2,2,-1
0,0,0,0,0,0,0,0,0,2,0,0,0,2,0,2,0,2,4,-1
0,0,0,0,0,0,0,2,0,0,0,2,0,0,0,2,0,2,4,-1
0,0,0,0,0,2,0,2,0,0,0,0,0,2,0,0,0,2,2,-1
0,0,0,2,0,2,0,0,0,0,0,0,0,0,0,2,0,2,2,-1
0,2,0,2,0,0,0,2,0,0,0,0,0,0,0,0,0,4,2,-1
0,2,0,0,0,2,0,0,0,0,0,0,0,0,0,0,0,4,2,-1
0,0,0,2,0,0,0,0,0,0,0,0,0,0,0,0,0,2,2,-1
0,2,0,0,0,0,0,0,0,4,0,0,0,0,0,0,0,2,2,-1
0,0,0,0,0,0,0,0,0,0,0,4,0,0,0,0,0,2,2,-1
0,0,0,0,0,0,0,0,0,0,0,0,0,4,0,0,0,2,2,-1
0,0,0,0,0,0,0,0,0,0,0,0,0,0,0,4,0,2,2,-1
0,0,0,0,0,0,0,4,0,0,0,0,0,0,0,0,0,2,2,-1
0,0,0,0,0,4,0,0,0,0,0,0,0,0,0,0,0,2,2,-1
0,0,0,4,0,0,0,0,0,0,0,0,0,0,0,0,0,2,2,-1
0,4,0,0,0,0,0,0,0,0,0,0,0,0,0,0,0,2,2,-1
0,0,0,0,0,0,0,0,0,5,0,0,0,0,0,0,0,2,1,-1
0,0,0,0,0,0,0,0,0,9,0,5,0,0,0,0,0,2,1,-1
0,0,0,0,0,0,0,0,0,0,0,9,0,5,0,0,0,2,1,-1
0,0,0,0,0,0,0,0,0,0,0,0,0,9,0,5,0,2,1,-1
0,0,0,0,0,0,0,5,0,0,0,0,0,0,0,9,0,1,1,-1
0,0,0,0,0,5,0,9,0,0,0,0,0,0,0,0,0,1,2,-1
0,0,0,5,0,9,0,0,0,0,0,0,0,0,0,0,0,1,2,-1
0,5,0,9,0,0,0,0,0,0,0,0,0,0,0,0,0,1,2,-1
0,9,0,0,0,0,0,0,0,0,0,0,0,0,0,0,0,1,2,-1
0,0,0,0,0,0,0,0,0,1,0,0,0,0,0,0,0,2,1,-1
0,0,0,0,0,0,0,0,0,0,0,1,0,0,0,0,0,2,1,-1
0,0,0,0,0,0,0,0,0,0,0,0,0,1,0,0,0,2,1,-1
0,0,0,0,0,0,0,0,0,0,0,0,0,0,0,1,0,2,1,-1
0,0,0,0,0,0,0,1,0,0,0,0,0,0,0,0,0,1,2,-1
0,0,0,0,0,1,0,0,0,0,0,0,0,0,0,0,0,1,2,-1
0,0,0,1,0,0,0,0,0,0,0,0,0,0,0,0,0,1,2,-1
0,1,0,0,0,0,0,0,0,0,0,0,0,0,0,0,0,1,2,-1
0,0,0,0,0,0,0,0,0,1,0,0,0,0,0,0,0,2,1,-1
0,0,0,0,0,0,0,0,0,1,0,1,0,0,0,0,0,2,1,-1
0,0,0,0,0,0,0,0,0,0,0,1,0,1,0,0,0,2,1,-1
0,0,0,0,0,0,0,0,0,0,0,0,0,1,0,1,0,2,1,-1
0,0,0,0,0,0,0,1,0,0,0,0,0,0,0,1,0,1,1,-1
0,0,0,0,0,1,0,1,0,0,0,0,0,0,0,0,0,1,2,-1
0,0,0,1,0,1,0,0,0,0,0,0,0,0,0,0,0,1,2,-1
0,1,0,1,0,0,0,0,0,0,0,0,0,0,0,0,0,1,2,-1
0,1,0,0,0,0,0,0,0,0,0,0,0,0,0,0,0,1,2,-1
0,0,0,0,0,0,0,0,0,4,0,0,0,0,0,0,0,2,1,-1
0,0,0,0,0,0,0,0,0,6,0,4,0,0,0,0,0,2,1,-1
0,0,0,0,0,0,0,0,0,1,0,6,0,4,0,0,0,2,2,-1
0,0,0,0,0,0,0,0,0,1,0,1,0,6,0,4,0,2,2,-1
0,0,0,0,0,0,0,4,0,0,0,1,0,1,0,6,0,1,2,-1
0,0,0,0,0,4,0,6,0,0,0,0,0,1,0,1,0,1,1,-1
0,0,0,4,0,6,0,1,0,0,0,0,0,0,0,1,0,2,1,-1
0,4,0,6,0,1,0,1,0,0,0,0,0,0,0,0,0,2,2,-1
0,6,0,1,0,1,0,0,0,0,0,0,0,0,0,0,0,2,2,-1
0,1,0,1,0,0,0,0,0,0,0,0,0,0,0,0,0,1,2,-1
0,1,0,0,0,0,0,0,0,0,0,0,0,0,0,0,0,1,2,-1
0,0,0,0,0,0,0,0,0,1,0,0,0,0,0,0,0,2,1,-1
0,0,0,0,0,0,0,0,0,0,0,1,0,0,0,0,0,2,1,-1
0,0,0,0,0,0,0,0,0,0,0,0,0,1,0,0,0,2,1,-1
0,0,0,0,0,0,0,0,0,0,0,0,0,0,0,1,0,2,1,-1
0,0,0,0,0,0,0,1,0,0,0,0,0,0,0,0,0,1,1,-1
0,0,0,0,0,1,0,0,0,1,0,0,0,0,0,0,0,1,1,-1
0,0,0,1,0,0,0,0,0,2,0,1,0,0,0,0,0,1,3,-1
0,1,0,0,0,0,0,0,0,2,0,2,0,1,0,0,0,1,4,-1
0,0,0,0,0,0,0,0,0,0,0,2,0,2,0,1,0,1,4,-1
0,0,0,0,0,0,0,1,0,0,0,0,0,2,0,2,0,1,3,-1
0,0,0,0,0,1,0,2,0,0,0,0,0,0,0,2,0,3,1,-1
0,0,0,1,0,2,0,2,0,0,0,0,0,0,0,0,0,4,2,-1
0,1,0,2,0,2,0,0,0,0,0,0,0,0,0,0,0,4,2,-1
0,2,0,2,0,0,0,0,0,0,0,0,0,0,0,0,0,3,2,-1
0,2,0,0,0,0,0,0,0,0,0,0,0,0,0,0,0,1,2,-1
0,0,0,0,0,0,0,0,0,2,0,0,0,0,0,0,0,2,1,-1
0,0,0,0,0,0,0,0,0,0,0,2,0,0,0,0,0,2,1,-1
0,0,0,0,0,0,0,0,0,0,0,0,0,2,0,0,0,2,1,-1
0,0,0,0,0,0,0,0,0,0,0,0,0,0,0,2,0,2,1,-1
0,0,0,0,0,0,0,2,0,0,0,0,0,0,0,0,0,1,2,-1
0,0,0,0,0,2,0,0,0,0,0,0,0,0,0,0,0,1,2,-1
0,0,0,2,0,0,0,0,0,1,0,0,0,0,0,0,0,1,1,-1
0,2,0,0,0,0,0,0,0,0,0,1,0,0,0,0,0,1,1,-1
0,0,0,0,0,0,0,0,0,0,0,0,0,1,0,0,0,2,1,-1
0,0,0,0,0,0,0,0,0,0,0,0,0,0,0,1,0,2,1,-1
0,0,0,0,0,0,0,1,0,0,0,0,0,0,0,0,0,1,2,-1
0,0,0,0,0,1,0,0,0,0,0,0,0,0,0,0,0,1,2,-1
0,0,0,1,0,0,0,0,0,0,0,0,0,0,0,0,0,1,2,-1
0,1,0,0,0,0,0,0,0,1,0,0,0,0,0,0,0,1,1,-1
0,0,0,0,0,0,0,0,0,0,0,1,0,0,0,0,0,2,1,-1
0,0,0,0,0,0,0,0,0,1,0,0,0,1,0,0,0,2,1,-1
0,0,0,0,0,0,0,0,0,1,0,1,0,0,0,1,0,2,2,-1
0,0,0,0,0,0,0,1,0,0,0,1,0,1,0,0,0,1,2,-1
0,0,0,0,0,1,0,0,0,0,0,0,0,1,0,1,0,1,2,-1
0,0,0,1,0,0,0,1,0,0,0,0,0,0,0,1,0,1,1,-1
0,1,0,0,0,1,0,1,0,0,0,0,0,0,0,0,0,2,2,-1
0,0,0,1,0,1,0,0,0,0,0,0,0,0,0,0,0,2,2,-1
0,1,0,1,0,0,0,0,0,0,0,0,0,0,0,0,0,2,2,-1
0,1,0,0,0,0,0,0,0,0,0,0,0,0,0,0,0,1,2,-1
0,0,0,0,0,0,0,0,0,4,0,0,0,0,0,0,0,2,2,-1
0,0,0,0,0,0,0,0,0,3,0,4,0,0,0,0,0,2,4,-1
0,0,0,0,0,0,0,0,0,0,0,3,0,4,0,0,0,2,4,-1
0,0,0,0,0,0,0,0,0,1,0,0,0,3,0,4,0,2,5,-1
0,0,0,0,0,0,0,4,0,0,0,1,0,0,0,3,0,2,3,-1
0,0,0,0,0,4,0,3,0,0,0,0,0,1,0,0,0,4,1,-1
0,0,0,4,0,3,0,0,0,0,0,0,0,0,0,1,0,4,1,-1
0,4,0,3,0,0,0,1,0,0,0,0,0,0,0,0,0,5,2,-1
0,3,0,0,0,1,0,0,0,0,0,0,0,0,0,0,0,3,2,-1
0,0,0,1,0,0,0,0,0,0,0,0,0,0,0,0,0,1,2,-1
0,1,0,0,0,0,0,0,0,0,0,0,0,0,0,0,0,1,2,-1
0,0,0,0,0,0,0,0,0,2,0,0,0,0,0,0,0,2,2,-1
0,0,0,0,0,0,0,0,0,2,0,2,0,0,0,0,0,2,2,-1
0,0,0,0,0,0,0,0,0,0,0,2,0,2,0,0,0,2,2,-1
0,0,0,0,0,0,0,0,0,0,0,0,0,2,0,2,0,2,2,-1
0,0,0,0,0,0,0,2,0,0,0,0,0,0,0,2,0,2,2,-1
0,0,0,0,0,2,0,2,0,0,0,0,0,0,0,0,0,2,2,-1
0,0,0,2,0,2,0,0,0,0,0,0,0,0,0,0,0,2,2,-1
0,2,0,2,0,0,0,0,0,0,0,0,0,0,0,0,0,2,2,-1
0,2,0,0,0,0,0,0,0,0,0,0,0,0,0,0,0,2,2,-1
0,0,0,0,0,0,0,0,0,5,0,0,0,0,0,0,0,2,3,-1
0,0,0,0,0,0,0,0,0,0,0,5,0,0,0,0,0,2,3,-1
0,0,0,0,0,0,0,0,0,0,0,0,0,5,0,0,0,2,3,-1
0,0,0,0,0,0,0,0,0,0,0,0,0,0,0,5,0,2,3,-1
0,0,0,0,0,0,0,5,0,0,0,0,0,0,0,0,0,3,2,-1
0,0,0,0,0,5,0,0,0,0,0,0,0,0,0,0,0,3,2,-1
0,0,0,5,0,0,0,0,0,2,0,0,0,0,0,0,0,3,2,-1
0,5,0,0,0,0,0,0,0,0,0,2,0,0,0,0,0,3,2,-1
0,0,0,0,0,0,0,0,0,1,0,0,0,2,0,0,0,2,2,-1
0,0,0,0,0,0,0,0,0,1,0,1,0,0,0,2,0,2,2,-1
0,0,0,0,0,0,0,2,0,0,0,1,0,1,0,0,0,2,1,-1
0,0,0,0,0,2,0,0,0,0,0,0,0,1,0,1,0,2,1,-1
0,0,0,2,0,0,0,1,0,2,0,0,0,0,0,1,0,2,3,-1
0,2,0,0,0,1,0,1,0,0,0,2,0,0,0,0,0,2,2,-1
0,0,0,1,0,1,0,0,0,0,0,0,0,2,0,0,0,1,2,-1
0,1,0,1,0,0,0,0,0,0,0,0,0,0,0,2,0,1,2,-1
0,1,0,0,0,0,0,2,0,0,0,0,0,0,0,0,0,3,2,-1
0,0,0,0,0,2,0,0,0,0,0,0,0,0,0,0,0,2,2,-1
0,0,0,2,0,0,0,0,0,0,0,0,0,0,0,0,0,2,2,-1
0,2,0,0,0,0,0,0,0,2,0,0,0,0,0,0,0,2,1,-1
0,0,0,0,0,0,0,0,0,0,0,2,0,0,0,0,0,2,1,-1
0,0,0,0,0,0,0,0,0,0,0,0,0,2,0,0,0,2,1,-1
0,0,0,0,0,0,0,0,0,0,0,0,0,0,0,2,0,2,1,-1
0,0,0,0,0,0,0,2,0,0,0,0,0,0,0,0,0,1,2,-1
0,0,0,0,0,2,0,0,0,1,0,0,0,0,0,0,0,1,1,-1
0,0,0,2,0,0,0,0,0,0,0,1,0,0,0,0,0,1,1,-1
0,2,0,0,0,0,0,0,0,0,0,0,0,1,0,0,0,1,1,-1
0,0,0,0,0,0,0,0,0,1,0,0,0,0,0,1,0,2,1,-1
0,0,0,0,0,0,0,1,0,3,0,1,0,0,0,0,0,1,4,-1
0,0,0,0,0,1,0,0,0,0,0,3,0,1,0,0,0,1,4,-1
0,0,0,1,0,0,0,0,0,0,0,0,0,3,0,1,0,1,4,-1
0,1,0,0,0,0,0,1,0,0,0,0,0,0,0,3,0,1,3,-1
0,0,0,0,0,1,0,3,0,0,0,0,0,0,0,0,0,4,2,-1
0,0,0,1,0,3,0,0,0,0,0,0,0,0,0,0,0,4,2,-1
0,1,0,3,0,0,0,0,0,0,0,0,0,0,0,0,0,4,2,-1
0,3,0,0,0,0,0,0,0,0,0,0,0,0,0,0,0,3,2,-1
0,0,0,0,0,0,0,0,0,2,0,0,0,0,0,0,0,2,2,-1
0,0,0,0,0,0,0,0,0,3,0,2,0,0,0,0,0,2,2,-1
0,0,0,0,0,0,0,0,0,0,0,3,0,2,0,0,0,2,2,-1
0,0,0,0,0,0,0,0,0,0,0,0,0,3,0,2,0,2,2,-1
0,0,0,0,0,0,0,2,0,0,0,0,0,0,0,3,0,2,2,-1
0,0,0,0,0,2,0,3,0,0,0,0,0,0,0,0,0,2,2,-1
0,0,0,2,0,3,0,0,0,0,0,0,0,0,0,0,0,2,2,-1
0,2,0,3,0,0,0,0,0,0,0,0,0,0,0,0,0,2,2,-1
0,3,0,0,0,0,0,0,0,0,0,0,0,0,0,0,0,2,2,-1
0,0,0,0,0,0,0,0,0,1,0,0,0,0,0,0,0,2,1,-1
0,0,0,0,0,0,0,0,0,0,0,1,0,0,0,0,0,2,1,-1
0,0,0,0,0,0,0,0,0,1,0,0,0,1,0,0,0,2,1,-1
0,0,0,0,0,0,0,0,0,0,0,1,0,0,0,1,0,2,1,-1
0,0,0,0,0,0,0,1,0,0,0,0,0,1,0,0,0,1,1,-1
0,0,0,0,0,1,0,0,0,0,0,0,0,0,0,1,0,1,1,-1
0,0,0,1,0,0,0,1,0,0,0,0,0,0,0,0,0,1,2,-1
0,1,0,0,0,1,0,0,0,0,0,0,0,0,0,0,0,1,2,-1
0,0,0,1,0,0,0,0,0,0,0,0,0,0,0,0,0,1,2,-1
0,1,0,0,0,0,0,0,0,1,0,0,0,0,0,0,0,1,1,-1
0,0,0,0,0,0,0,0,0,1,0,1,0,0,0,0,0,2,1,-1
0,0,0,0,0,0,0,0,0,0,0,1,0,1,0,0,0,2,1,-1
0,0,0,0,0,0,0,0,0,0,0,0,0,1,0,1,0,2,1,-1
0,0,0,0,0,0,0,1,0,0,0,0,0,0,0,1,0,1,1,-1
0,0,0,0,0,1,0,1,0,0,0,0,0,0,0,0,0,1,2,-1
0,0,0,1,0,1,0,0,0,0,0,0,0,0,0,0,0,1,2,-1
0,1,0,1,0,0,0,0,0,1,1,0,0,0,0,0,0,1,1,-1
0,1,0,0,0,0,0,0,0,0,0,1,1,0,0,0,0,1,1,-1
0,0,0,0,0,0,0,0,0,0,0,0,0,1,1,0,0,2,1,-1
0,0,0,0,0,0,0,0,0,0,0,0,0,0,0,1,1,2,1,-1
0,0,0,0,0,0,0,1,1,0,0,0,0,0,0,0,0,1,2,-1
0,0,0,0,0,1,1,0,0,0,0,0,0,0,0,0,0,1,2,-1
0,0,0,1,1,0,0,0,0,0,0,0,0,0,0,0,0,1,2,-1
0,1,1,0,0,0,0,0,0,1,0,0,0,0,0,0,0,1,1,-1
0,0,0,0,0,0,0,0,0,0,0,1,0,0,0,0,0,2,1,-1
0,0,0,0,0,0,0,0,0,1,0,0,0,1,0,0,0,2,1,-1
0,0,0,0,0,0,0,0,0,0,0,1,0,0,0,1,0,2,1,-1
0,0,0,0,0,0,0,1,0,1,0,0,0,1,0,0,0,1,2,-1
0,0,0,0,0,1,0,0,0,0,0,1,0,0,0,1,0,1,2,-1
0,0,0,1,0,0,0,1,0,0,0,0,0,1,0,0,0,1,1,-1
0,1,0,0,0,1,0,0,0,0,0,0,0,0,0,1,0,1,1,-1
0,0,0,1,0,0,0,1,0,0,0,0,0,0,0,0,0,2,1,-1
0,1,0,0,0,1,0,0,0,0,0,0,0,0,0,0,0,2,1,-1
0,0,0,1,0,0,0,0,0,0,0,0,0,0,0,0,0,1,1,-1
0,1,0,0,0,0,0,0,0,0,0,0,0,0,0,0,0,1,1,-1
0,0,0,0,0,0,0,0,0,1,0,0,0,0,0,0,0,1,1,-1
0,0,0,0,0,0,0,0,0,0,0,1,0,0,0,0,0,1,1,-1
0,0,0,0,0,0,0,0,0,0,0,0,0,1,0,0,0,1,1,-1
0,0,0,0,0,0,0,0,0,0,0,0,0,0,0,1,0,1,1,-1
0,0,0,0,0,0,0,1,0,0,0,0,0,0,0,0,0,1,2,-1
0,0,0,0,0,1,0,0,0,0,0,0,0,0,0,0,0,1,2,-1
0,0,0,1,0,0,0,0,0,0,0,0,0,0,0,0,0,1,2,-1
0,1,0,0,0,0,0,0,0,0,0,0,0,0,0,0,0,1,2,-1
0,0,0,0,0,0,0,0,0,2,0,0,0,0,0,0,0,2,1,-1
0,0,0,0,0,0,0,0,0,0,0,2,0,0,0,0,0,2,1,-1
0,0,0,0,0,0,0,0,0,74,8,0,0,2,0,0,0,2,6,-1
0,0,0,0,0,0,0,0,0,111,11,74,8,0,0,2,0,2,6,-1
0,0,0,0,0,0,0,2,0,105,11,111,11,74,8,0,0,1,5,-1
0,0,0,0,0,2,0,0,0,125,14,105,11,111,11,74,8,1,5,-1
0,0,0,2,0,0,0,74,8,94,10,125,14,105,11,111,11,6,6,-1
0,2,0,0,0,74,8,111,11,0,0,94,10,125,14,105,11,6,6,-1
0,0,0,74,8,111,11,105,11,0,0,0,0,94,10,125,14,5,6,-1
0,74,8,111,11,105,11,125,14,0,0,0,0,0,0,94,10,5,6,-1
0,111,11,105,11,125,14,94,10,0,0,0,0,0,0,0,0,6,2,-1
0,105,11,125,14,94,10,0,0,0,0,0,0,0,0,0,0,6,2,-1
0,125,14,94,10,0,0,0,0,2,0,0,0,0,0,0,0,6,1,-1
0,94,10,0,0,0,0,0,0,0,0,2,0,0,0,0,0,6,1,-1
0,0,0,0,0,0,0,0,0,0,0,0,0,2,0,0,0,2,1,-1
0,0,0,0,0,0,0,0,0,0,0,0,0,0,0,2,0,2,1,-1
0,0,0,0,0,0,0,2,0,0,0,0,0,0,0,0,0,1,2,-1
0,0,0,0,0,2,0,0,0,0,0,0,0,0,0,0,0,1,2,-1
0,0,0,2,0,0,0,0,0,0,0,0,0,0,0,0,0,1,2,-1
0,2,0,0,0,0,0,0,0,0,0,0,0,0,0,0,0,1,2,-1
0,0,0,0,0,0,0,0,0,1,0,0,0,0,0,0,0,2,1,-1
0,0,0,0,0,0,0,0,0,1,0,1,0,0,0,0,0,2,1,-1
0,0,0,0,0,0,0,0,0,0,0,1,0,1,0,0,0,2,1,-1
0,0,0,0,0,0,0,0,0,0,0,0,0,1,0,1,0,2,1,-1
0,0,0,0,0,0,0,1,0,0,0,0,0,0,0,1,0,1,1,-1
0,0,0,0,0,1,0,1,0,2,0,0,0,0,0,0,0,1,1,-1
0,0,0,1,0,1,0,0,0,0,0,2,0,0,0,0,0,1,1,-1
0,1,0,1,0,0,0,0,0,0,0,0,0,2,0,0,0,1,1,-1
0,1,0,0,0,0,0,0,0,0,0,0,0,0,0,2,0,1,1,-1
0,0,0,0,0,0,0,2,0,0,0,0,0,0,0,0,0,1,2,-1
0,0,0,0,0,2,0,0,0,0,0,0,0,0,0,0,0,1,2,-1
0,0,0,2,0,0,0,0,0,0,0,0,0,0,0,0,0,1,2,-1
0,2,0,0,0,0,0,0,0,0,0,0,0,0,0,0,0,1,2,-1
0,0,0,0,0,0,0,0,0,2,0,0,0,0,0,0,0,2,1,-1
0,0,0,0,0,0,0,0,0,0,0,2,0,0,0,0,0,2,1,-1
0,0,0,0,0,0,0,0,0,0,0,0,0,2,0,0,0,2,1,-1
0,0,0,0,0,0,0,0,0,3,0,0,0,0,0,2,0,2,3,-1
0,0,0,0,0,0,0,2,0,0,0,3,0,0,0,0,0,1,3,-1
0,0,0,0,0,2,0,0,0,0,0,0,0,3,0,0,0,1,3,-1
0,0,0,2,0,0,0,0,0,0,0,0,0,0,0,3,0,1,3,-1
0,2,0,0,0,0,0,3,0,0,0,0,0,0,0,0,0,3,2,-1
0,0,0,0,0,3,0,0,0,0,0,0,0,0,0,0,0,3,2,-1
0,0,0,3,0,0,0,0,0,0,0,0,0,0,0,0,0,3,2,-1
0,3,0,0,0,0,0,0,0,6,0,0,0,0,0,0,0,3,4,-1
0,0,0,0,0,0,0,0,0,0,0,6,0,0,0,0,0,2,4,-1
0,0,0,0,0,0,0,0,0,2,0,0,0,6,0,0,0,2,5,-1
0,0,0,0,0,0,0,0,0,0,0,2,0,0,0,6,0,2,5,-1
0,0,0,0,0,0,0,6,0,0,0,0,0,2,0,0,0,4,1,-1
0,0,0,0,0,6,0,0,0,0,0,0,0,0,0,2,0,4,1,-1
0,0,0,6,0,0,0,2,0,0,0,0,0,0,0,0,0,5,2,-1
0,6,0,0,0,2,0,0,0,0,0,0,0,0,0,0,0,5,2,-1
0,0,0,2,0,0,0,0,0,0,0,0,0,0,0,0,0,1,2,-1
0,2,0,0,0,0,0,0,0,0,0,0,0,0,0,0,0,1,2,-1
0,0,0,0,0,0,0,0,0,2,0,0,0,0,0,0,0,2,1,-1
0,0,0,0,0,0,0,0,0,0,0,2,0,0,0,0,0,2,1,-1
0,0,0,0,0,0,0,0,0,0,0,0,0,2,0,0,0,2,1,-1
0,0,0,0,0,0,0,0,0,2,0,0,0,0,0,2,0,2,3,-1
0,0,0,0,0,0,0,2,0,2,0,2,0,0,0,0,0,1,2,-1
0,0,0,0,0,2,0,0,0,2,0,2,0,2,0,0,0,1,4,-1
0,0,0,2,0,0,0,0,0,0,0,2,0,2,0,2,0,1,4,-1
0,2,0,0,0,0,0,2,0,0,0,0,0,2,0,2,0,3,4,-1
0,0,0,0,0,2,0,2,0,0,0,0,0,0,0,2,0,2,2,-1
0,0,0,2,0,2,0,2,0,0,0,0,0,0,0,0,0,4,2,-1
0,2,0,2,0,2,0,0,0,0,0,0,0,0,0,0,0,4,2,-1
0,2,0,2,0,0,0,0,0,0,0,0,0,0,0,0,0,4,2,-1
0,2,0,0,0,0,0,0,0,0,0,0,0,0,0,0,0,2,2,-1
0,0,0,0,0,0,0,0,0,5,0,0,0,0,0,0,0,2,1,-1
0,0,0,0,0,0,0,0,0,9,0,5,0,0,0,0,0,2,1,-1
0,0,0,0,0,0,0,0,0,0,0,9,0,5,0,0,0,2,1,-1
0,0,0,0,0,0,0,0,0,0,0,0,0,9,0,5,0,2,1,-1
0,0,0,0,0,0,0,5,0,0,0,0,0,0,0,9,0,1,1,-1
0,0,0,0,0,5,0,9,0,0,0,0,0,0,0,0,0,1,2,-1
0,0,0,5,0,9,0,0,0,0,0,0,0,0,0,0,0,1,2,-1
0,5,0,9,0,0,0,0,0,0,0,0,0,0,0,0,0,1,2,-1
0,9,0,0,0,0,0,0,0,0,0,0,0,0,0,0,0,1,2,-1
0,0,0,0,0,0,0,0,0,1,0,0,0,0,0,0,0,2,1,-1
0,0,0,0,0,0,0,0,0,0,0,1,0,0,0,0,0,2,1,-1
0,0,0,0,0,0,0,0,0,0,0,0,0,1,0,0,0,2,1,-1
0,0,0,0,0,0,0,0,0,0,0,0,0,0,0,1,0,2,1,-1
0,0,0,0,0,0,0,1,0,0,0,0,0,0,0,0,0,1,2,-1
0,0,0,0,0,1,0,0,0,0,0,0,0,0,0,0,0,1,2,-1
0,0,0,1,0,0,0,0,0,0,0,0,0,0,0,0,0,1,2,-1
0,1,0,0,0,0,0,0,0,0,0,0,0,0,0,0,0,1,2,-1
0,0,0,0,0,0,0,0,0,1,0,0,0,0,0,0,0,2,1,-1
0,0,0,0,0,0,0,0,0,1,0,1,0,0,0,0,0,2,1,-1
0,0,0,0,0,0,0,0,0,0,0,1,0,1,0,0,0,2,1,-1
0,0,0,0,0,0,0,0,0,0,0,0,0,1,0,1,0,2,1,-1
0,0,0,0,0,0,0,1,0,0,0,0,0,0,0,1,0,1,1,-1
0,0,0,0,0,1,0,1,0,0,0,0,0,0,0,0,0,1,2,-1
0,0,0,1,0,1,0,0,0,0,0,0,0,0,0,0,0,1,2,-1
0,1,0,1,0,0,0,0,0,0,0,0,0,0,0,0,0,1,2,-1
0,1,0,0,0,0,0,0,0,0,0,0,0,0,0,0,0,1,2,-1
0,0,0,0,0,0,0,0,0,4,0,0,0,0,0,0,0,2,1,-1
0,0,0,0,0,0,0,0,0,6,0,4,0,0,0,0,0,2,1,-1
0,0,0,0,0,0,0,0,0,1,0,6,0,4,0,0,0,2,2,-1
0,0,0,0,0,0,0,0,0,1,0,1,0,6,0,4,0,2,2,-1
0,0,0,0,0,0,0,4,0,0,0,1,0,1,0,6,0,1,2,-1
0,0,0,0,0,4,0,6,0,0,0,0,0,1,0,1,0,1,1,-1
0,0,0,4,0,6,0,1,0,0,0,0,0,0,0,1,0,2,1,-1
0,4,0,6,0,1,0,1,0,0,0,0,0,0,0,0,0,2,2,-1
0,6,0,1,0,1,0,0,0,0,0,0,0,0,0,0,0,2,2,-1
0,1,0,1,0,0,0,0,0,0,0,0,0,0,0,0,0,1,2,-1
0,1,0,0,0,0,0,0,0,0,0,0,0,0,0,0,0,1,2,-1
0,0,0,0,0,0,0,0,0,1,0,0,0,0,0,0,0,2,1,-1
0,0,0,0,0,0,0,0,0,0,0,1,0,0,0,0,0,2,1,-1
0,0,0,0,0,0,0,0,0,0,0,0,0,1,0,0,0,2,1,-1
0,0,0,0,0,0,0,0,0,0,0,0,0,0,0,1,0,2,1,-1
0,0,0,0,0,0,0,1,0,0,0,0,0,0,0,0,0,1,1,-1
0,0,0,0,0,1,0,0,0,1,0,0,0,0,0,0,0,1,1,-1
0,0,0,1,0,0,0,0,0,2,0,1,0,0,0,0,0,1,3,-1
0,1,0,0,0,0,0,0,0,2,0,2,0,1,0,0,0,1,4,-1
0,0,0,0,0,0,0,0,0,0,0,2,0,2,0,1,0,1,4,-1
0,0,0,0,0,0,0,1,0,0,0,0,0,2,0,2,0,1,3,-1
0,0,0,0,0,1,0,2,0,0,0,0,0,0,0,2,0,3,1,-1
0,0,0,1,0,2,0,2,0,0,0,0,0,0,0,0,0,4,2,-1
0,1,0,2,0,2,0,0,0,0,0,0,0,0,0,0,0,4,2,-1
0,2,0,2,0,0,0,0,0,0,0,0,0,0,0,0,0,3,2,-1
0,2,0,0,0,0,0,0,0,0,0,0,0,0,0,0,0,1,2,-1
0,0,0,0,0,0,0,0,0,1,0,0,0,0,0,0,0,2,1,-1
0,0,0,0,0,0,0,0,0,0,0,1,0,0,0,0,0,2,1,-1
0,0,0,0,0,0,0,0,0,0,0,0,0,1,0,0,0,2,1,-1
0,0,0,0,0,0,0,0,0,0,0,0,0,0,0,1,0,2,1,-1
0,0,0,0,0,0,0,1,0,0,0,0,0,0,0,0,0,1,2,-1
0,0,0,0,0,1,0,0,0,0,0,0,0,0,0,0,0,1,2,-1
0,0,0,1,0,0,0,0,0,1,0,0,0,0,0,0,0,1,1,-1
0,1,0,0,0,0,0,0,0,0,0,1,0,0,0,0,0,1,1,-1
0,0,0,0,0,0,0,0,0,0,0,0,0,1,0,0,0,2,1,-1
0,0,0,0,0,0,0,0,0,0,0,0,0,0,0,1,0,2,1,-1
0,0,0,0,0,0,0,1,0,0,0,0,0,0,0,0,0,1,2,-1
0,0,0,0,0,1,0,0,0,0,0,0,0,0,0,0,0,1,2,-1
0,0,0,1,0,0,0,0,0,0,0,0,0,0,0,0,0,1,2,-1
0,1,0,0,0,0,0,0,0,1,0,0,0,0,0,0,0,1,1,-1
0,0,0,0,0,0,0,0,0,0,0,1,0,0,0,0,0,2,1,-1
0,0,0,0,0,0,0,0,0,1,0,0,0,1,0,0,0,2,1,-1
0,0,0,0,0,0,0,0,0,1,0,1,0,0,0,1,0,2,2,-1
0,0,0,0,0,0,0,1,0,0,0,1,0,1,0,0,0,1,2,-1
0,0,0,0,0,1,0,0,0,0,0,0,0,1,0,1,0,1,2,-1
0,0,0,1,0,0,0,1,0,0,0,0,0,0,0,1,0,1,1,-1
0,1,0,0,0,1,0,1,0,0,0,0,0,0,0,0,0,2,2,-1
0,0,0,1,0,1,0,0,0,1,0,0,0,0,0,0,0,2,1,-1
0,1,0,1,0,0,0,0,0,0,0,1,0,0,0,0,0,2,1,-1
0,1,0,0,0,0,0,0,0,0,0,0,0,1,0,0,0,1,1,-1
0,0,0,0,0,0,0,0,0,0,0,0,0,0,0,1,0,2,1,-1
0,0,0,0,0,0,0,1,0,0,0,0,0,0,0,0,0,1,2,-1
0,0,0,0,0,1,0,0,0,2,0,0,0,0,0,0,0,1,1,-1
0,0,0,1,0,0,0,0,0,0,0,2,0,0,0,0,0,1,1,-1
0,1,0,0,0,0,0,0,0,0,0,0,0,2,0,0,0,1,1,-1
0,0,0,0,0,0,0,0,0,2,0,0,0,0,0,2,0,2,2,-1
0,0,0,0,0,0,0,2,0,0,0,2,0,0,0,0,0,1,1,-1
0,0,0,0,0,2,0,0,0,1,0,0,0,2,0,0,0,1,2,-1
0,0,0,2,0,0,0,0,0,0,0,1,0,0,0,2,0,1,2,-1
0,2,0,0,0,0,0,2,0,0,0,0,0,1,0,0,0,2,1,-1
0,0,0,0,0,2,0,0,0,0,0,0,0,0,0,1,0,1,1,-1
0,0,0,2,0,0,0,1,0,0,0,0,0,0,0,0,0,2,2,-1
0,2,0,0,0,1,0,0,0,0,0,0,0,0,0,0,0,2,2,-1
0,0,0,1,0,0,0,0,0,0,0,0,0,0,0,0,0,1,2,-1
0,1,0,0,0,0,0,0,0,0,0,0,0,0,0,0,0,1,2,-1
0,0,0,0,0,0,0,0,0,12,0,0,0,0,0,0,0,2,6,-1
0,0,0,0,0,0,0,0,0,0,0,12,0,0,0,0,0,2,6,-1
0,0,0,0,0,0,0,0,0,0,0,0,0,12,0,0,0,2,6,-1
0,0,0,0,0,0,0,0,0,0,0,0,0,0,0,12,0,2,6,-1
0,0,0,0,0,0,0,12,0,0,0,0,0,0,0,0,0,6,1,-1
0,0,0,0,0,12,0,0,0,1,0,0,0,0,0,0,0,6,1,-1
0,0,0,12,0,0,0,0,0,7,0,1,0,0,0,0,0,6,6,-1
0,12,0,0,0,0,0,0,0,0,0,7,0,1,0,0,0,6,6,-1
0,0,0,0,0,0,0,0,0,0,0,0,0,7,0,1,0,1,6,-1
0,0,0,0,0,0,0,1,0,1,0,0,0,0,0,7,0,1,6,-1
0,0,0,0,0,1,0,7,0,3,0,1,0,0,0,0,0,6,2,-1
0,0,0,1,0,7,0,0,0,1,0,3,0,1,0,0,0,6,2,-1
0,1,0,7,0,0,0,0,0,0,0,1,0,3,0,1,0,6,2,-1
0,7,0,0,0,0,0,1,0,1,0,0,0,1,0,3,0,6,3,-1
0,0,0,0,0,1,0,3,0,0,0,1,0,0,0,1,0,2,2,-1
0,0,0,1,0,3,0,1,0,0,0,0,0,1,0,0,0,2,1,-1
0,1,0,3,0,1,0,0,0,0,0,0,0,0,0,1,0,2,1,-1
0,3,0,1,0,0,0,1,0,0,0,0,0,0,0,0,0,3,2,-1
0,1,0,0,0,1,0,0,0,2,0,0,0,0,0,0,0,2,2,-1
0,0,0,1,0,0,0,0,0,0,0,2,0,0,0,0,0,1,2,-1
0,1,0,0,0,0,0,0,0,0,0,0,0,2,0,0,0,1,2,-1
0,0,0,0,0,0,0,0,0,4,0,0,0,0,0,2,0,2,2,-1
0,0,0,0,0,0,0,2,0,0,0,4,0,0,0,0,0,2,1,-1
0,0,0,0,0,2,0,0,0,1,0,0,0,4,0,0,0,2,2,-1
0,0,0,2,0,0,0,0,0,2,0,1,0,0,0,4,0,2,4,-1
0,2,0,0,0,0,0,4,0,0,0,2,0,1,0,0,0,2,3,-1
0,0,0,0,0,4,0,0,0,0,0,0,0,2,0,1,0,1,3,-1
0,0,0,4,0,0,0,1,0,0,0,0,0,0,0,2,0,2,2,-1
0,4,0,0,0,1,0,2,0,4,0,0,0,0,0,0,0,4,4,-1
0,0,0,1,0,2,0,0,0,0,0,4,0,0,0,0,0,3,4,-1
0,1,0,2,0,0,0,0,0,0,0,0,0,4,0,0,0,3,4,-1
0,2,0,0,0,0,0,0,0,0,0,0,0,0,0,4,0,2,4,-1
0,0,0,0,0,0,0,4,0,0,0,0,0,0,0,0,0,4,2,-1
0,0,0,0,0,4,0,0,0,0,0,0,0,0,0,0,0,4,2,-1
0,0,0,4,0,0,0,0,0,0,0,0,0,0,0,0,0,4,2,-1
0,4,0,0,0,0,0,0,0,0,0,0,0,0,0,0,0,4,2,-1
0,0,0,0,0,0,0,0,0,1,0,0,0,0,0,0,0,2,1,-1
0,0,0,0,0,0,0,0,0,1,0,1,0,0,0,0,0,2,2,-1
0,0,0,0,0,0,0,0,0,0,0,1,0,1,0,0,0,2,2,-1
0,0,0,0,0,0,0,0,0,1,0,0,0,1,0,1,0,2,2,-1
0,0,0,0,0,0,0,1,0,3,0,1,0,0,0,1,0,1,5,-1
0,0,0,0,0,1,0,1,0,0,0,3,0,1,0,0,0,2,4,-1
0,0,0,1,0,1,0,0,0,0,0,0,0,3,0,1,0,2,4,-1
0,1,0,1,0,0,0,1,0,0,0,0,0,0,0,3,0,2,3,-1
0,1,0,0,0,1,0,3,0,0,0,0,0,0,0,0,0,5,2,-1
0,0,0,1,0,3,0,0,0,0,0,0,0,0,0,0,0,4,2,-1
0,1,0,3,0,0,0,0,0,0,0,0,0,0,0,0,0,4,2,-1
0,3,0,0,0,0,0,0,0,0,0,0,0,0,0,0,0,3,2,-1
0,0,0,0,0,0,0,0,0,2,0,0,0,0,0,0,0,2,2,-1
0,0,0,0,0,0,0,0,0,3,0,2,0,0,0,0,0,2,2,-1
0,0,0,0,0,0,0,0,0,0,0,3,0,2,0,0,0,2,2,-1
0,0,0,0,0,0,0,0,0,0,0,0,0,3,0,2,0,2,2,-1
0,0,0,0,0,0,0,2,0,0,0,0,0,0,0,3,0,2,2,-1
0,0,0,0,0,2,0,3,0,0,0,0,0,0,0,0,0,2,2,-1
0,0,0,2,0,3,0,0,0,0,0,0,0,0,0,0,0,2,2,-1
0,2,0,3,0,0,0,0,0,0,0,0,0,0,0,0,0,2,2,-1
0,3,0,0,0,0,0,0,0,0,0,0,0,0,0,0,0,2,2,-1
0,0,0,0,0,0,0,0,0,1,0,0,0,0,0,0,0,2,1,-1
0,0,0,0,0,0,0,0,0,0,0,1,0,0,0,0,0,2,1,-1
0,0,0,0,0,0,0,0,0,1,0,0,0,1,0,0,0,2,1,-1
0,0,0,0,0,0,0,0,0,0,0,1,0,0,0,1,0,2,1,-1
0,0,0,0,0,0,0,1,0,0,0,0,0,1,0,0,0,1,1,-1
0,0,0,0,0,1,0,0,0,1,0,0,0,0,0,1,0,1,1,-1
0,0,0,1,0,0,0,1,0,0,0,1,0,0,0,0,0,1,1,-1
0,1,0,0,0,1,0,0,0,0,0,0,0,1,0,0,0,1,1,-1
0,0,0,1,0,0,0,0,0,0,0,0,0,0,0,1,0,1,1,-1
0,1,0,0,0,0,0,1,0,1,0,0,0,0,0,0,0,1,1,-1
0,0,0,0,0,1,0,0,0,2,0,1,0,0,0,0,0,1,1,-1
0,0,0,1,0,0,0,0,0,0,0,2,0,1,0,0,0,1,1,-1
0,1,0,0,0,0,0,0,0,0,0,0,0,2,0,1,0,1,1,-1
0,0,0,0,0,0,0,1,0,0,0,0,0,0,0,2,0,1,1,-1
0,0,0,0,0,1,0,2,0,0,0,0,0,0,0,0,0,1,2,-1
0,0,0,1,0,2,0,0,0,0,0,0,0,0,0,0,0,1,2,-1
0,1,0,2,0,0,0,0,0,2,0,0,0,0,0,0,0,1,1,-1
0,2,0,0,0,0,0,0,0,0,0,2,0,0,0,0,0,1,1,-1
0,0,0,0,0,0,0,0,0,0,0,0,0,2,0,0,0,2,1,-1
0,0,0,0,0,0,0,0,0,0,0,0,0,0,0,2,0,2,1,-1
0,0,0,0,0,0,0,2,0,0,0,0,0,0,0,0,0,1,2,-1
0,0,0,0,0,2,0,0,0,0,0,0,0,0,0,0,0,1,2,-1
0,0,0,2,0,0,0,0,0,0,0,0,0,0,0,0,0,1,2,-1
0,2,0,0,0,0,0,0,0,1,0,0,0,0,0,0,0,1,1,-1
0,0,0,0,0,0,0,0,0,0,0,1,0,0,0,0,0,2,1,-1
0,0,0,0,0,0,0,0,0,1,0,0,0,1,0,0,0,2,1,-1
0,0,0,0,0,0,0,0,0,0,0,1,0,0,0,1,0,2,1,-1
0,0,0,0,0,0,0,1,0,1,0,0,0,1,0,0,0,1,2,-1
0,0,0,0,0,1,0,0,0,0,0,1,0,0,0,1,0,1,2,-1
0,0,0,1,0,0,0,1,0,0,0,0,0,1,0,0,0,1,1,-1
0,1,0,0,0,1,0,0,0,0,0,0,0,0,0,1,0,1,1,-1
0,0,0,1,0,0,0,1,0,0,0,0,0,0,0,0,0,2,1,-1
0,1,0,0,0,1,0,0,0,0,0,0,0,0,0,0,0,2,1,-1
0,0,0,1,0,0,0,0,0,0,0,0,0,0,0,0,0,1,1,-1
0,1,0,0,0,0,0,0,0,0,0,0,0,0,0,0,0,1,1,-1
0,0,0,0,0,0,0,0,0,2,0,0,0,0,0,0,0,1,1,-1
0,0,0,0,0,0,0,0,0,0,0,2,0,0,0,0,0,1,1,-1
0,0,0,0,0,0,0,0,0,0,0,0,0,2,0,0,0,1,1,-1
0,0,0,0,0,0,0,0,0,0,0,0,0,0,0,2,0,1,1,-1
0,0,0,0,0,0,0,2,0,0,0,0,0,0,0,0,0,1,1,-1
0,0,0,0,0,2,0,0,0,0,0,0,0,0,0,0,0,1,1,-1
0,0,0,2,0,0,0,0,0,0,0,0,0,0,0,0,0,1,1,-1
0,2,0,0,0,0,0,0,0,0,0,0,0,0,0,0,0,1,1,-1
0,0,0,0,0,0,0,0,0,1,0,0,0,0,0,0,0,1,1,-1
0,0,0,0,0,0,0,0,0,0,0,1,0,0,0,0,0,1,1,-1
0,0,0,0,0,0,0,0,0,0,0,0,0,1,0,0,0,1,1,-1
0,0,0,0,0,0,0,0,0,0,0,0,0,0,0,1,0,1,1,-1
0,0,0,0,0,0,0,1,0,0,0,0,0,0,0,0,0,1,1,-1
0,0,0,0,0,1,0,0,0,0,0,0,0,0,0,0,0,1,1,-1
0,0,0,1,0,0,0,0,0,0,0,0,0,0,0,0,0,1,1,-1
0,1,0,0,0,0,0,0,0,0,0,0,0,0,0,0,0,1,1,-1
0,0,0,0,0,0,0,0,0,1,0,0,0,0,0,0,0,1,1,-1
0,0,0,0,0,0,0,0,0,0,0,1,0,0,0,0,0,1,1,-1
0,0,0,0,0,0,0,0,0,0,0,0,0,1,0,0,0,1,1,-1
0,0,0,0,0,0,0,0,0,0,0,0,0,0,0,1,0,1,1,-1
0,0,0,0,0,0,0,1,0,0,0,0,0,0,0,0,0,1,1,-1
0,0,0,0,0,1,0,0,0,0,0,0,0,0,0,0,0,1,1,-1
0,0,0,1,0,0,0,0,0,0,0,0,0,0,0,0,0,1,1,-1
0,1,0,0,0,0,0,0,0,0,0,0,0,0,0,0,0,1,1,-1
0,0,0,0,0,0,0,0,0,0,1,0,0,0,0,0,0,1,1,-1
0,0,0,0,0,0,0,0,0,0,0,0,1,0,0,0,0,1,1,-1
0,0,0,0,0,0,0,0,0,0,0,0,0,0,1,0,0,1,1,-1
0,0,0,0,0,0,0,0,0,0,0,0,0,0,0,0,1,1,1,-1
0,0,0,0,0,0,0,0,1,0,0,0,0,0,0,0,0,1,1,-1
0,0,0,0,0,0,1,0,0,0,0,0,0,0,0,0,0,1,1,-1
0,0,0,0,1,0,0,0,0,0,0,0,0,0,0,0,0,1,1,-1
0,0,1,0,0,0,0,0,0,0,0,0,0,0,0,0,0,1,1,-1
0,0,0,0,0,0,0,0,0,1,0,0,0,0,0,0,0,1,1,-1
0,0,0,0,0,0,0,0,0,0,0,1,0,0,0,0,0,1,1,-1
0,0,0,0,0,0,0,0,0,0,0,0,0,1,0,0,0,1,1,-1
0,0,0,0,0,0,0,0,0,0,0,0,0,0,0,1,0,1,1,-1
0,0,0,0,0,0,0,1,0,0,0,0,0,0,0,0,0,1,2,-1
0,0,0,0,0,1,0,0,0,0,0,0,0,0,0,0,0,1,2,-1
0,0,0,1,0,0,0,0,0,0,0,0,0,0,0,0,0,1,2,-1
0,1,0,0,0,0,0,0,0,0,0,0,0,0,0,0,0,1,2,-1
0,0,0,0,0,0,0,0,0,206,9,0,0,0,0,0,0,2,15,-1
0,0,0,0,0,0,0,0,0,319,15,206,9,0,0,0,0,2,15,-1
0,0,0,0,0,0,0,0,0,336,15,319,15,206,9,0,0,2,15,-1
0,0,0,0,0,0,0,0,0,373,16,336,15,319,15,206,9,2,15,-1
0,0,0,0,0,0,0,206,9,239,10,373,16,336,15,319,15,15,14,-1
0,0,0,0,0,206,9,319,15,0,0,239,10,373,16,336,15,15,14,-1
0,0,0,206,9,319,15,336,15,0,0,0,0,239,10,373,16,15,14,-1
0,206,9,319,15,336,15,373,16,0,0,0,0,0,0,239,10,15,14,-1
0,319,15,336,15,373,16,239,10,0,0,0,0,0,0,0,0,14,2,-1
0,336,15,373,16,239,10,0,0,0,0,0,0,0,0,0,0,14,2,-1
0,373,16,239,10,0,0,0,0,1,0,0,0,0,0,0,0,14,1,-1
0,239,10,0,0,0,0,0,0,0,0,1,0,0,0,0,0,14,1,-1
0,0,0,0,0,0,0,0,0,0,0,0,0,1,0,0,0,2,1,-1
0,0,0,0,0,0,0,0,0,0,0,0,0,0,0,1,0,2,1,-1
0,0,0,0,0,0,0,1,0,1,0,0,0,0,0,0,0,1,1,-1
0,0,0,0,0,1,0,0,0,0,0,1,0,0,0,0,0,1,1,-1
0,0,0,1,0,0,0,0,0,0,0,0,0,1,0,0,0,1,1,-1
0,1,0,0,0,0,0,0,0,0,0,0,0,0,0,1,0,1,1,-1
0,0,0,0,0,0,0,1,0,0,0,0,0,0,0,0,0,1,2,-1
0,0,0,0,0,1,0,0,0,0,0,0,0,0,0,0,0,1,2,-1
0,0,0,1,0,0,0,0,0,0,0,0,0,0,0,0,0,1,2,-1
0,1,0,0,0,0,0,0,0,0,0,0,0,0,0,0,0,1,2,-1
0,0,0,0,0,0,0,0,0,1,0,0,0,0,0,0,0,2,1,-1
0,0,0,0,0,0,0,0,0,1,0,1,0,0,0,0,0,2,1,-1
0,0,0,0,0,0,0,0,0,0,0,1,0,1,0,0,0,2,1,-1
0,0,0,0,0,0,0,0,0,0,0,0,0,1,0,1,0,2,1,-1
0,0,0,0,0,0,0,1,0,0,0,0,0,0,0,1,0,1,1,-1
0,0,0,0,0,1,0,1,0,1,0,0,0,0,0,0,0,1,1,-1
0,0,0,1,0,1,0,0,0,0,0,1,0,0,0,0,0,1,1,-1
0,1,0,1,0,0,0,0,0,0,0,0,0,1,0,0,0,1,1,-1
0,1,0,0,0,0,0,0,0,0,0,0,0,0,0,1,0,1,1,-1
0,0,0,0,0,0,0,1,0,0,0,0,0,0,0,0,0,1,2,-1
0,0,0,0,0,1,0,0,0,0,0,0,0,0,0,0,0,1,2,-1
0,0,0,1,0,0,0,0,0,0,0,0,0,0,0,0,0,1,2,-1
0,1,0,0,0,0,0,0,0,0,0,0,0,0,0,0,0,1,2,-1
0,0,0,0,0,0,0,0,0,1,0,0,0,0,0,0,0,2,1,-1
0,0,0,0,0,0,0,0,0,0,0,1,0,0,0,0,0,2,1,-1
0,0,0,0,0,0,0,0,0,0,0,0,0,1,0,0,0,2,1,-1
0,0,0,0,0,0,0,0,0,1,0,0,0,0,0,1,0,2,1,-1
0,0,0,0,0,0,0,1,0,0,0,1,0,0,0,0,0,1,1,-1
0,0,0,0,0,1,0,0,0,0,0,0,0,1,0,0,0,1,1,-1
0,0,0,1,0,0,0,0,0,0,0,0,0,0,0,1,0,1,1,-1
0,1,0,0,0,0,0,1,0,0,0,0,0,0,0,0,0,1,2,-1
0,0,0,0,0,1,0,0,0,0,0,0,0,0,0,0,0,1,2,-1
0,0,0,1,0,0,0,0,0,0,0,0,0,0,0,0,0,1,2,-1
0,1,0,0,0,0,0,0,0,3,0,0,0,0,0,0,0,1,3,-1
0,0,0,0,0,0,0,0,0,4,0,3,0,0,0,0,0,2,5,-1
0,0,0,0,0,0,0,0,0,2,0,4,0,3,0,0,0,2,6,-1
0,0,0,0,0,0,0,0,0,0,0,2,0,4,0,3,0,2,6,-1
0,0,0,0,0,0,0,3,0,19,0,0,0,2,0,4,0,3,8,-1
0,0,0,0,0,3,0,4,0,0,0,19,0,0,0,2,0,5,6,-1
0,0,0,3,0,4,0,2,0,0,0,0,0,19,0,0,0,6,5,-1
0,3,0,4,0,2,0,0,0,0,0,0,0,0,0,19,0,6,5,-1
0,4,0,2,0,0,0,19,0,0,0,0,0,0,0,0,0,8,2,-1
0,2,0,0,0,19,0,0,0,0,0,0,0,0,0,0,0,6,2,-1
0,0,0,19,0,0,0,0,0,0,0,0,0,0,0,0,0,5,2,-1
0,19,0,0,0,0,0,0,0,0,0,0,0,0,0,0,0,5,2,-1
0,0,0,0,0,0,0,0,0,2,0,0,0,0,0,0,0,2,2,-1
0,0,0,0,0,0,0,0,0,2,0,2,0,0,0,0,0,2,2,-1
0,0,0,0,0,0,0,0,0,0,0,2,0,2,0,0,0,2,2,-1
0,0,0,0,0,0,0,0,0,0,0,0,0,2,0,2,0,2,2,-1
0,0,0,0,0,0,0,2,0,0,0,0,0,0,0,2,0,2,2,-1
0,0,0,0,0,2,0,2,0,0,0,0,0,0,0,0,0,2,2,-1
0,0,0,2,0,2,0,0,0,0,0,0,0,0,0,0,0,2,2,-1
0,2,0,2,0,0,0,0,0,0,0,0,0,0,0,0,0,2,2,-1
0,2,0,0,0,0,0,0,0,0,0,0,0,0,0,0,0,2,2,-1
0,0,0,0,0,0,0,0,0,4,0,0,0,0,0,0,0,2,1,-1
0,0,0,0,0,0,0,0,0,8,0,4,0,0,0,0,0,2,1,-1
0,0,0,0,0,0,0,0,0,0,0,8,0,4,0,0,0,2,1,-1
0,0,0,0,0,0,0,0,0,0,0,0,0,8,0,4,0,2,1,-1
0,0,0,0,0,0,0,4,0,0,0,0,0,0,0,8,0,1,1,-1
0,0,0,0,0,4,0,8,0,0,0,0,0,0,0,0,0,1,2,-1
0,0,0,4,0,8,0,0,0,0,0,0,0,0,0,0,0,1,2,-1
0,4,0,8,0,0,0,0,0,0,0,0,0,0,0,0,0,1,2,-1
0,8,0,0,0,0,0,0,0,0,0,0,0,0,0,0,0,1,2,-1
0,0,0,0,0,0,0,0,0,1,0,0,0,0,0,0,0,2,1,-1
0,0,0,0,0,0,0,0,0,0,0,1,0,0,0,0,0,2,1,-1
0,0,0,0,0,0,0,0,0,0,0,0,0,1,0,0,0,2,1,-1
0,0,0,0,0,0,0,0,0,0,0,0,0,0,0,1,0,2,1,-1
0,0,0,0,0,0,0,1,0,0,0,0,0,0,0,0,0,1,2,-1
0,0,0,0,0,1,0,0,0,0,0,0,0,0,0,0,0,1,2,-1
0,0,0,1,0,0,0,0,0,0,0,0,0,0,0,0,0,1,2,-1
0,1,0,0,0,0,0,0,0,0,0,0,0,0,0,0,0,1,2,-1
0,0,0,0,0,0,0,0,0,4,0,0,0,0,0,0,0,2,1,-1
0,0,0,0,0,0,0,0,0,4,0,4,0,0,0,0,0,2,1,-1
0,0,0,0,0,0,0,0,0,0,0,4,0,4,0,0,0,2,1,-1
0,0,0,0,0,0,0,0,0,0,0,0,0,4,0,4,0,2,1,-1
0,0,0,0,0,0,0,4,0,0,0,0,0,0,0,4,0,1,1,-1
0,0,0,0,0,4,0,4,0,0,0,0,0,0,0,0,0,1,2,-1
0,0,0,4,0,4,0,0,0,0,0,0,0,0,0,0,0,1,2,-1
0,4,0,4,0,0,0,0,0,0,0,0,0,0,0,0,0,1,2,-1
0,4,0,0,0,0,0,0,0,0,0,0,0,0,0,0,0,1,2,-1
0,0,0,0,0,0,0,0,0,1,0,0,0,0,0,0,0,2,1,-1
0,0,0,0,0,0,0,0,0,0,0,1,0,0,0,0,0,2,1,-1
0,0,0,0,0,0,0,0,0,0,0,0,0,1,0,0,0,2,1,-1
0,0,0,0,0,0,0,0,0,0,0,0,0,0,0,1,0,2,1,-1
0,0,0,0,0,0,0,1,0,0,0,0,0,0,0,0,0,1,1,-1
0,0,0,0,0,1,0,0,0,1,0,0,0,0,0,0,0,1,1,-1
0,0,0,1,0,0,0,0,0,2,0,1,0,0,0,0,0,1,3,-1
0,1,0,0,0,0,0,0,0,0,0,2,0,1,0,0,0,1,3,-1
0,0,0,0,0,0,0,0,0,0,0,0,0,2,0,1,0,1,3,-1
0,0,0,0,0,0,0,1,0,0,0,0,0,0,0,2,0,1,2,-1
0,0,0,0,0,1,0,2,0,0,0,0,0,0,0,0,0,3,2,-1
0,0,0,1,0,2,0,0,0,0,0,0,0,0,0,0,0,3,2,-1
0,1,0,2,0,0,0,0,0,0,0,0,0,0,0,0,0,3,2,-1
0,2,0,0,0,0,0,0,0,0,0,0,0,0,0,0,0,2,2,-1
0,0,0,0,0,0,0,0,0,2,0,0,0,0,0,0,0,2,1,-1
0,0,0,0,0,0,0,0,0,0,0,2,0,0,0,0,0,2,1,-1
0,0,0,0,0,0,0,0,0,0,0,0,0,2,0,0,0,2,1,-1
0,0,0,0,0,0,0,0,0,0,0,0,0,0,0,2,0,2,1,-1
0,0,0,0,0,0,0,2,0,0,0,0,0,0,0,0,0,1,2,-1
0,0,0,0,0,2,0,0,0,0,0,0,0,0,0,0,0,1,2,-1
0,0,0,2,0,0,0,0,0,0,0,0,0,0,0,0,0,1,2,-1
0,2,0,0,0,0,0,0,0,1,0,0,0,0,0,0,0,1,1,-1
0,0,0,0,0,0,0,0,0,0,0,1,0,0,0,0,0,2,1,-1
0,0,0,0,0,0,0,0,0,0,0,0,0,1,0,0,0,2,1,-1
0,0,0,0,0,0,0,0,0,0,0,0,0,0,0,1,0,2,1,-1
0,0,0,0,0,0,0,1,0,0,0,0,0,0,0,0,0,1,2,-1
0,0,0,0,0,1,0,0,0,0,0,0,0,0,0,0,0,1,2,-1
0,0,0,1,0,0,0,0,0,1,0,0,0,0,0,0,0,1,1,-1
0,1,0,0,0,0,0,0,0,0,0,1,0,0,0,0,0,1,1,-1
0,0,0,0,0,0,0,0,0,1,0,0,0,1,0,0,0,2,1,-1
0,0,0,0,0,0,0,0,0,0,0,1,0,0,0,1,0,2,1,-1
0,0,0,0,0,0,0,1,0,0,0,0,0,1,0,0,0,1,1,-1
0,0,0,0,0,1,0,0,0,0,0,0,0,0,0,1,0,1,1,-1
0,0,0,1,0,0,0,1,0,0,0,0,0,0,0,0,0,1,2,-1
0,1,0,0,0,1,0,0,0,0,0,0,0,0,0,0,0,1,2,-1
0,0,0,1,0,0,0,0,0,0,0,0,0,0,0,0,0,1,2,-1
0,1,0,0,0,0,0,0,0,0,0,0,0,0,0,0,0,1,2,-1
0,0,0,0,0,0,0,0,0,2,0,0,0,0,0,0,0,2,1,-1
0,0,0,0,0,0,0,0,0,0,0,2,0,0,0,0,0,2,1,-1
0,0,0,0,0,0,0,0,0,0,0,0,0,2,0,0,0,2,1,-1
0,0,0,0,0,0,0,0,0,2,0,0,0,0,0,2,0,2,2,-1
0,0,0,0,0,0,0,2,0,0,0,2,0,0,0,0,0,1,1,-1
0,0,0,0,0,2,0,0,0,0,0,0,0,2,0,0,0,1,1,-1
0,0,0,2,0,0,0,0,0,0,0,0,0,0,0,2,0,1,1,-1
0,2,0,0,0,0,0,2,0,0,0,0,0,0,0,0,0,2,2,-1
0,0,0,0,0,2,0,0,0,0,0,0,0,0,0,0,0,1,2,-1
0,0,0,2,0,0,0,0,0,0,0,0,0,0,0,0,0,1,2,-1
0,2,0,0,0,0,0,0,0,0,0,0,0,0,0,0,0,1,2,-1
0,0,0,0,0,0,0,0,0,3,0,0,0,0,0,0,0,2,3,-1
0,0,0,0,0,0,0,0,0,1,0,3,0,0,0,0,0,2,4,-1
0,0,0,0,0,0,0,0,0,0,0,1,0,3,0,0,0,2,4,-1
0,0,0,0,0,0,0,0,0,0,0,0,0,1,0,3,0,2,4,-1
0,0,0,0,0,0,0,3,0,1,0,0,0,0,0,1,0,3,1,-1
0,0,0,0,0,3,0,1,0,0,0,1,0,0,0,0,0,4,1,-1
0,0,0,3,0,1,0,0,0,0,0,0,0,1,0,0,0,4,1,-1
0,3,0,1,0,0,0,0,0,0,0,0,0,0,0,1,0,4,1,-1
0,1,0,0,0,0,0,1,0,0,0,0,0,0,0,0,0,1,2,-1
0,0,0,0,0,1,0,0,0,0,0,0,0,0,0,0,0,1,2,-1
0,0,0,1,0,0,0,0,0,0,0,0,0,0,0,0,0,1,2,-1
0,1,0,0,0,0,0,0,0,4,0,0,0,0,0,0,0,1,3,-1
0,0,0,0,0,0,0,0,0,2,0,4,0,0,0,0,0,2,3,-1
0,0,0,0,0,0,0,0,0,0,0,2,0,4,0,0,0,2,3,-1
0,0,0,0,0,0,0,0,0,0,0,0,0,2,0,4,0,2,3,-1
0,0,0,0,0,0,0,4,0,0,0,0,0,0,0,2,0,3,2,-1
0,0,0,0,0,4,0,2,0,0,0,0,0,0,0,0,0,3,2,-1
0,0,0,4,0,2,0,0,0,2,0,0,0,0,0,0,0,3,2,-1
0,4,0,2,0,0,0,0,0,0,0,2,0,0,0,0,0,3,2,-1
0,2,0,0,0,0,0,0,0,0,0,0,0,2,0,0,0,2,2,-1
0,0,0,0,0,0,0,0,0,0,0,0,0,0,0,2,0,2,2,-1
0,0,0,0,0,0,0,2,0,0,0,0,0,0,0,0,0,2,2,-1
0,0,0,0,0,2,0,0,0,1,0,0,0,0,0,0,0,2,1,-1
0,0,0,2,0,0,0,0,0,1,0,1,0,0,0,0,0,2,2,-1
0,2,0,0,0,0,0,0,0,0,0,1,0,1,0,0,0,2,2,-1
0,0,0,0,0,0,0,0,0,4,0,0,0,1,0,1,0,2,2,-1
0,0,0,0,0,0,0,1,0,0,0,4,0,0,0,1,0,1,1,-1
0,0,0,0,0,1,0,1,0,1,0,0,0,4,0,0,0,2,2,-1
0,0,0,1,0,1,0,0,0,2,0,1,0,0,0,4,0,2,4,-1
0,1,0,1,0,0,0,4,0,0,0,2,0,1,0,0,0,2,3,-1
0,1,0,0,0,4,0,0,0,0,0,0,0,2,0,1,0,1,3,-1
0,0,0,4,0,0,0,1,0,2,0,0,0,0,0,2,0,2,3,-1
0,4,0,0,0,1,0,2,0,0,0,2,0,0,0,0,0,4,1,-1
0,0,0,1,0,2,0,0,0,0,0,0,0,2,0,0,0,3,1,-1
0,1,0,2,0,0,0,0,0,0,0,0,0,0,0,2,0,3,1,-1
0,2,0,0,0,0,0,2,0,7,0,0,0,0,0,0,0,3,7,-1
0,0,0,0,0,2,0,0,0,35,0,7,0,0,0,0,0,1,9,-1
0,0,0,2,0,0,0,0,0,0,0,35,0,7,0,0,0,1,9,-1
0,2,0,0,0,0,0,0,0,0,0,0,0,35,0,7,0,1,9,-1
0,0,0,0,0,0,0,7,0,0,0,0,0,0,0,35,0,7,9,-1
0,0,0,0,0,7,0,35,0,0,0,0,0,0,0,0,0,9,2,-1
0,0,0,7,0,35,0,0,0,0,0,0,0,0,0,0,0,9,2,-1
0,7,0,35,0,0,0,0,0,0,0,0,0,0,0,0,0,9,2,-1
0,35,0,0,0,0,0,0,0,0,0,0,0,0,0,0,0,9,2,-1
0,0,0,0,0,0,0,0,0,3,0,0,0,0,0,0,0,2,3,-1
0,0,0,0,0,0,0,0,0,0,0,3,0,0,0,0,0,2,3,-1
0,0,0,0,0,0,0,0,0,0,0,0,0,3,0,0,0,2,3,-1
0,0,0,0,0,0,0,0,0,0,0,0,0,0,0,3,0,2,3,-1
0,0,0,0,0,0,0,3,0,0,0,0,0,0,0,0,0,3,2,-1
0,0,0,0,0,3,0,0,0,0,0,0,0,0,0,0,0,3,2,-1
0,0,0,3,0,0,0,0,0,0,0,0,0,0,0,0,0,3,2,-1
0,3,0,0,0,0,0,0,0,0,0,0,0,0,0,0,0,3,2,-1
0,0,0,0,0,0,0,0,0,3,0,0,0,0,0,0,0,2,3,-1
0,0,0,0,0,0,0,0,0,0,0,3,0,0,0,0,0,2,3,-1
0,0,0,0,0,0,0,0,0,1,0,0,0,3,0,0,0,2,4,-1
0,0,0,0,0,0,0,0,0,2,0,1,0,0,0,3,0,2,4,-1
0,0,0,0,0,0,0,3,0,0,0,2,0,1,0,0,0,3,1,-1
0,0,0,0,0,3,0,0,0,0,0,0,0,2,0,1,0,3,1,-1
0,0,0,3,0,0,0,1,0,0,0,0,0,0,0,2,0,4,1,-1
0,3,0,0,0,1,0,2,0,0,0,0,0,0,0,0,0,4,2,-1
0,0,0,1,0,2,0,0,0,0,0,0,0,0,0,0,0,1,2,-1
0,1,0,2,0,0,0,0,0,0,0,0,0,0,0,0,0,1,2,-1
0,2,0,0,0,0,0,0,0,0,0,0,0,0,0,0,0,1,2,-1
0,0,0,0,0,0,0,0,0,1,0,0,0,0,0,0,0,2,1,-1
0,0,0,0,0,0,0,0,0,0,0,1,0,0,0,0,0,2,1,-1
0,0,0,0,0,0,0,0,0,1,0,0,0,1,0,0,0,2,1,-1
0,0,0,0,0,0,0,0,0,1,0,1,0,0,0,1,0,2,2,-1
0,0,0,0,0,0,0,1,0,1,0,1,0,1,0,0,0,1,2,-1
0,0,0,0,0,1,0,0,0,0,0,1,0,1,0,1,0,1,2,-1
0,0,0,1,0,0,0,1,0,0,0,0,0,1,0,1,0,1,1,-1
0,1,0,0,0,1,0,1,0,0,0,0,0,0,0,1,0,2,1,-1
0,0,0,1,0,1,0,1,0,0,0,0,0,0,0,0,0,2,2,-1
0,1,0,1,0,1,0,0,0,2,0,0,0,0,0,0,0,2,1,-1
0,1,0,1,0,0,0,0,0,2,0,2,0,0,0,0,0,1,1,-1
0,1,0,0,0,0,0,0,0,0,0,2,0,2,0,0,0,1,1,-1
0,0,0,0,0,0,0,0,0,0,0,0,0,2,0,2,0,2,1,-1
0,0,0,0,0,0,0,2,0,0,0,0,0,0,0,2,0,1,1,-1
0,0,0,0,0,2,0,2,0,0,0,0,0,0,0,0,0,1,2,-1
0,0,0,2,0,2,0,0,0,0,0,0,0,0,0,0,0,1,2,-1
0,2,0,2,0,0,0,0,0,0,0,0,0,0,0,0,0,1,2,-1
0,2,0,0,0,0,0,0,0,0,0,0,0,0,0,0,0,1,2,-1
0,0,0,0,0,0,0,0,0,1,0,0,0,0,0,0,0,2,1,-1
0,0,0,0,0,0,0,0,0,0,0,1,0,0,0,0,0,2,1,-1
0,0,0,0,0,0,0,0,0,1,0,0,0,1,0,0,0,2,1,-1
0,0,0,0,0,0,0,0,0,0,0,1,0,0,0,1,0,2,1,-1
0,0,0,0,0,0,0,1,0,1,0,0,0,1,0,0,0,1,2,-1
0,0,0,0,0,1,0,0,0,0,0,1,0,0,0,1,0,1,2,-1
0,0,0,1,0,0,0,1,0,0,0,0,0,1,0,0,0,1,1,-1
0,1,0,0,0,1,0,0,0,0,0,0,0,0,0,1,0,1,1,-1
0,0,0,1,0,0,0,1,0,0,0,0,0,0,0,0,0,2,1,-1
0,1,0,0,0,1,0,0,0,0,0,0,0,0,0,0,0,2,1,-1
0,0,0,1,0,0,0,0,0,0,0,0,0,0,0,0,0,1,1,-1
0,1,0,0,0,0,0,0,0,0,0,0,0,0,0,0,0,1,1,-1
0,0,0,0,0,0,0,0,0,1,0,0,0,0,0,0,0,1,1,172664
0,0,0,0,0,0,0,0,0,0,0,1,0,0,0,0,0,1,1,170864
0,0,0,0,0,0,0,0,0,0,0,0,0,1,0,0,0,1,1,169064
0,0,0,0,0,0,0,0,0,0,0,0,0,0,0,1,0,1,1,167264
0,0,0,0,0,0,0,1,0,0,0,0,0,0,0,0,0,1,2,165464
0,0,0,0,0,1,0,0,0,0,0,0,0,0,0,0,0,1,2,163664
0,0,0,1,0,0,0,0,0,0,0,0,0,0,0,0,0,1,2,161864
0,1,0,0,0,0,0,0,0,0,0,0,0,0,0,0,0,1,2,160064
0,0,0,0,0,0,0,0,0,3,0,0,0,0,0,0,0,2,3,158264
0,0,0,0,0,0,0,0,0,0,0,3,0,0,0,0,0,2,3,156464
0,0,0,0,0,0,0,0,0,0,0,0,0,3,0,0,0,2,3,154664
0,0,0,0,0,0,0,0,0,214,9,0,0,0,0,3,0,2,18,152864
0,0,0,0,0,0,0,3,0,344,15,214,9,0,0,0,0,3,15,151064
0,0,0,0,0,3,0,0,0,348,15,344,15,214,9,0,0,3,15,149264
0,0,0,3,0,0,0,0,0,380,16,348,15,344,15,214,9,3,15,147464
0,3,0,0,0,0,0,214,9,236,10,380,16,348,15,344,15,18,14,145664
0,0,0,0,0,214,9,344,15,3,0,236,10,380,16,348,15,15,17,143864
0,0,0,214,9,344,15,348,15,0,0,3,0,236,10,380,16,15,17,142064
0,214,9,344,15,348,15,380,16,0,0,0,0,3,0,236,10,15,17,140264
0,344,15,348,15,380,16,236,10,0,0,0,0,0,0,3,0,14,3,138464
0,348,15,380,16,236,10,3,0,0,0,0,0,0,0,0,0,17,2,136664
0,380,16,236,10,3,0,0,0,3,0,0,0,0,0,0,0,17,1,134864
0,236,10,3,0,0,0,0,0,0,0,3,0,0,0,0,0,17,1,133064
0,3,0,0,0,0,0,0,0,0,0,0,0,3,0,0,0,3,1,131264
0,0,0,0,0,0,0,0,0,0,0,0,0,0,0,3,0,2,1,129464
0,0,0,0,0,0,0,3,0,1,0,0,0,0,0,0,0,1,1,127664
0,0,0,0,0,3,0,0,0,0,0,1,0,0,0,0,0,1,1,125864
0,0,0,3,0,0,0,0,0,0,0,0,0,1,0,0,0,1,1,124064
0,3,0,0,0,0,0,0,0,0,0,0,0,0,0,1,0,1,1,122264
0,0,0,0,0,0,0,1,0,0,0,0,0,0,0,0,0,1,2,120464
0,0,0,0,0,1,0,0,0,0,0,0,0,0,0,0,0,1,2,118664
0,0,0,1,0,0,0,0,0,0,0,0,0,0,0,0,0,1,2,116864
0,1,0,0,0,0,0,0,0,0,0,0,0,0,0,0,0,1,2,115064
0,0,0,0,0,0,0,0,0,1,0,0,0,0,0,0,0,2,1,102464
0,0,0,0,0,0,0,0,0,1,0,1,0,0,0,0,0,2,1,100664
0,0,0,0,0,0,0,0,0,0,0,1,0,1,0,0,0,2,1,98864
0,0,0,0,0,0,0,0,0,0,0,0,0,1,0,1,0,2,1,97064
0,0,0,0,0,0,0,1,0,0,0,0,0,0,0,1,0,1,1,95264
0,0,0,0,0,1,0,1,0,1,0,0,0,0,0,0,0,1,1,93464
0,0,0,1,0,1,0,0,0,0,0,1,0,0,0,0,0,1,1,91664
0,1,0,1,0,0,0,0,0,0,0,0,0,1,0,0,0,1,1,89864
0,1,0,0,0,0,0,0,0,0,0,0,0,0,0,1,0,1,1,88064
0,0,0,0,0,0,0,1,0,0,0,0,0,0,0,0,0,1,2,86264
0,0,0,0,0,1,0,0,0,0,0,0,0,0,0,0,0,1,2,84464
0,0,0,1,0,0,0,0,0,0,0,0,0,0,0,0,0,1,2,82664
0,1,0,0,0,0,0,0,0,0,0,0,0,0,0,0,0,1,2,80864
0,0,0,0,0,0,0,0,0,2,0,0,0,0,0,0,0,2,1,75464
0,0,0,0,0,0,0,0,0,0,0,2,0,0,0,0,0,2,1,73664
